0 0.589844 0.313920 0.598145 0.312500 0.605469 0.313920 0.608398 0.323864 0.609375 0.335227 0.608887 0.346591 0.600586 0.346591 0.597656 0.357244 0.597656 0.369318 0.597168 0.380682 0.588867 0.380682 0.585938 0.372159 0.585938 0.360085 0.585938 0.348011 0.589844 0.338778 0.589844 0.326705 0.589844 0.314631
0 0.621094 0.325284 0.627441 0.323864 0.633789 0.323864 0.636719 0.328835 0.636719 0.338068 0.636230 0.346591 0.628906 0.348011 0.628906 0.357244 0.623047 0.357955 0.617188 0.356534 0.617188 0.347301 0.620117 0.340909 0.621094 0.331676
0 0.652344 0.342330 0.656250 0.336648 0.662109 0.335227 0.667969 0.335227 0.671875 0.338068 0.671875 0.346591 0.671875 0.355114 0.667969 0.361506 0.663574 0.363636 0.657715 0.363636 0.652344 0.362216 0.652344 0.353693 0.652344 0.345170
0 0.480469 0.376420 0.486816 0.375000 0.493164 0.375000 0.499512 0.375000 0.503418 0.380682 0.503906 0.389915 0.502930 0.397727 0.496094 0.400568 0.491699 0.403409 0.485352 0.403409 0.480469 0.400568 0.480469 0.391335 0.480469 0.382102
0 0.558594 0.376420 0.563477 0.375000 0.568359 0.375000 0.570313 0.379972 0.570313 0.387074 0.570313 0.394176 0.567871 0.397727 0.562988 0.397727 0.558594 0.396307 0.558594 0.389205 0.558594 0.382102
0 0.566406 0.416193 0.571289 0.414773 0.576172 0.414773 0.578125 0.419744 0.578125 0.426847 0.576660 0.431818 0.571777 0.431818 0.566895 0.431818 0.566406 0.424716 0.566406 0.417614
0 0.562500 0.438920 0.570801 0.437500 0.579102 0.437500 0.585938 0.433239 0.585938 0.421165 0.590820 0.414773 0.597656 0.416903 0.601563 0.426136 0.601563 0.438210 0.596680 0.443182 0.589844 0.448153 0.589844 0.460227 0.585449 0.465909 0.578125 0.463778 0.570801 0.460227 0.562500 0.459517 0.562500 0.447443
0 0.667969 0.455966 0.671875 0.450284 0.677734 0.448864 0.683105 0.448864 0.687012 0.454545 0.687500 0.463068 0.687500 0.471591 0.685547 0.477273 0.679688 0.477273 0.673828 0.477273 0.667969 0.476563 0.667969 0.468040 0.667969 0.459517
0 0.621094 0.461648 0.626953 0.460227 0.632813 0.460227 0.638672 0.460227 0.640625 0.465909 0.640625 0.474432 0.640625 0.482955 0.636719 0.488636 0.630859 0.488636 0.625000 0.488636 0.621094 0.485085 0.621094 0.476563 0.621094 0.468040
0 0.683594 0.490057 0.687988 0.483665 0.692383 0.477273 0.698730 0.477273 0.705078 0.477273 0.707031 0.483665 0.707031 0.492898 0.705566 0.500000 0.699219 0.500000 0.695313 0.506392 0.692383 0.511364 0.686035 0.511364 0.683594 0.504972 0.683594 0.495739
0 0.628906 0.495739 0.634766 0.494318 0.640625 0.494318 0.644531 0.497159 0.644531 0.505682 0.644531 0.514205 0.640625 0.520597 0.636230 0.522727 0.630371 0.522727 0.628906 0.515625 0.628906 0.507102 0.628906 0.498580
0 0.664063 0.524148 0.667969 0.519176 0.672852 0.517045 0.678223 0.517045 0.679688 0.522727 0.679688 0.530540 0.679688 0.538352 0.675293 0.539773 0.669922 0.539773 0.664551 0.539773 0.664063 0.531960