0 0.625000 0.308239 0.630371 0.306818 0.635742 0.306818 0.640625 0.308239 0.640625 0.316051 0.640625 0.323864 0.639160 0.329545 0.633789 0.329545 0.628418 0.329545 0.625000 0.325994 0.625000 0.318182 0.625000 0.310369
0 0.679688 0.308239 0.685059 0.306818 0.690430 0.306818 0.695313 0.308239 0.695313 0.316051 0.695313 0.323864 0.693848 0.329545 0.688477 0.329545 0.683105 0.329545 0.679688 0.325994 0.679688 0.318182 0.679688 0.310369
0 0.691406 0.342330 0.697266 0.340909 0.703125 0.340909 0.707031 0.343750 0.710938 0.349432 0.710938 0.357955 0.710938 0.366477 0.707031 0.369318 0.701172 0.369318 0.697266 0.363636 0.693359 0.357955 0.691406 0.351563 0.691406 0.343040
0 0.621094 0.365057 0.626953 0.363636 0.632813 0.363636 0.636719 0.366477 0.636719 0.375000 0.636719 0.383523 0.636719 0.392045 0.630859 0.392045 0.625000 0.391335 0.621094 0.385653 0.621094 0.377131 0.621094 0.368608
0 0.621094 0.438920 0.626465 0.437500 0.631836 0.437500 0.636719 0.438210 0.636719 0.446023 0.636719 0.453835 0.635742 0.460227 0.630371 0.460227 0.625000 0.459517 0.621582 0.454545 0.621094 0.446733
0 0.730469 0.461648 0.735840 0.460227 0.741211 0.460227 0.746094 0.461648 0.746094 0.469460 0.746094 0.477273 0.744629 0.482955 0.739258 0.482955 0.733887 0.482955 0.730469 0.479403 0.730469 0.471591 0.730469 0.463778
0 0.671875 0.518466 0.678711 0.517045 0.685547 0.517045 0.689941 0.522727 0.694824 0.528409 0.699219 0.532670 0.699219 0.542614 0.698242 0.551136 0.691406 0.551136 0.684570 0.551136 0.679688 0.544744 0.675781 0.537642 0.671875 0.530540 0.671875 0.520597
0 0.562500 0.603693 0.567383 0.602273 0.572266 0.602273 0.577148 0.602273 0.578125 0.608665 0.578125 0.615767 0.575684 0.619318 0.570801 0.619318 0.565918 0.619318 0.562500 0.616477 0.562500 0.609375
0 0.539063 0.620739 0.544922 0.619318 0.550293 0.619318 0.554199 0.625000 0.554688 0.633523 0.554688 0.642045 0.552734 0.647727 0.546875 0.647727 0.541016 0.647727 0.539063 0.641335 0.539063 0.632813 0.539063 0.624290
0 0.671875 0.632102 0.675781 0.627131 0.680664 0.625000 0.686035 0.625000 0.687500 0.630682 0.687500 0.638494 0.687500 0.646307 0.683594 0.651989 0.679199 0.653409 0.673828 0.653409 0.671875 0.647727 0.671875 0.639915
0 0.703125 0.632102 0.708008 0.630682 0.712891 0.630682 0.717773 0.630682 0.718750 0.637074 0.718750 0.644176 0.716309 0.647727 0.711426 0.647727 0.706543 0.647727 0.703125 0.644886 0.703125 0.637784
0 0.458008 0.687500 0.464844 0.687500 0.469238 0.693182 0.474121 0.698864 0.480957 0.698864 0.484375 0.704545 0.484375 0.714489 0.482422 0.721591 0.475586 0.721591 0.468750 0.720881 0.464844 0.713778 0.458984 0.710227 0.457031 0.702415 0.457031 0.692472
0 0.597656 0.688920 0.604492 0.687500 0.611328 0.687500 0.613281 0.694602 0.614746 0.704545 0.621094 0.705966 0.621094 0.715909 0.621094 0.725852 0.615234 0.727273 0.609375 0.725142 0.609375 0.715199 0.604492 0.710227 0.597656 0.709517 0.597656 0.699574 0.597656 0.689631