0 0.621094 0.228693 0.626465 0.227273 0.631836 0.227273 0.634766 0.232955 0.636719 0.238636 0.636719 0.246449 0.633789 0.250000 0.628418 0.250000 0.623047 0.250000 0.621094 0.244318 0.621094 0.236506
0 0.683594 0.257102 0.688965 0.255682 0.694336 0.255682 0.697266 0.261364 0.699219 0.267045 0.699219 0.274858 0.696289 0.278409 0.690918 0.278409 0.685547 0.278409 0.683594 0.272727 0.683594 0.264915
0 0.621094 0.262784 0.626953 0.261364 0.632813 0.261364 0.638672 0.261364 0.640625 0.267045 0.640625 0.275568 0.636719 0.281250 0.632813 0.284091 0.626953 0.284091 0.621094 0.283381 0.621094 0.274858 0.621094 0.266335
0 0.609375 0.291193 0.615234 0.289773 0.621094 0.289773 0.626953 0.289773 0.628906 0.295455 0.628906 0.303977 0.625000 0.309659 0.621094 0.316051 0.616699 0.318182 0.610840 0.318182 0.609375 0.311080 0.609375 0.302557 0.609375 0.294034
0 0.636719 0.291193 0.642090 0.289773 0.647461 0.289773 0.652344 0.291193 0.652344 0.299006 0.652344 0.306818 0.650879 0.312500 0.645508 0.312500 0.640137 0.312500 0.636719 0.308949 0.636719 0.301136 0.636719 0.293324
0 0.714844 0.319602 0.719238 0.313210 0.722656 0.306818 0.726074 0.301136 0.732422 0.301136 0.738281 0.301847 0.738281 0.311080 0.738281 0.320313 0.734375 0.327415 0.733398 0.335227 0.727051 0.335227 0.720703 0.335227 0.714844 0.333807 0.714844 0.324574
0 0.667969 0.348011 0.673828 0.346591 0.679199 0.346591 0.683105 0.352273 0.683594 0.360795 0.683594 0.369318 0.681641 0.375000 0.675781 0.375000 0.671875 0.371449 0.667969 0.365767 0.667969 0.357244 0.667969 0.348722
0 0.699219 0.370739 0.704590 0.369318 0.709961 0.369318 0.714844 0.370739 0.714844 0.378551 0.714844 0.386364 0.713379 0.392045 0.708008 0.392045 0.702637 0.392045 0.699219 0.388494 0.699219 0.380682 0.699219 0.372869
0 0.730469 0.484375 0.735840 0.482955 0.741211 0.482955 0.746094 0.484375 0.746094 0.492188 0.746094 0.500000 0.744629 0.505682 0.739258 0.505682 0.733887 0.505682 0.730469 0.502131 0.730469 0.494318 0.730469 0.486506
0 0.765625 0.501420 0.770020 0.495028 0.776367 0.494318 0.781250 0.496449 0.785156 0.502841 0.785156 0.512074 0.781250 0.518466 0.781250 0.527699 0.775391 0.528409 0.769531 0.526989 0.765625 0.520597 0.765625 0.511364 0.765625 0.502131
0 0.687500 0.569602 0.691406 0.563920 0.697266 0.562500 0.703125 0.562500 0.707031 0.565341 0.707031 0.573864 0.707031 0.582386 0.707031 0.590909 0.701172 0.590909 0.695313 0.590909 0.689453 0.590909 0.687500 0.584517 0.687500 0.575994