0 0.632813 0.291193 0.638672 0.289773 0.644531 0.289773 0.650391 0.289773 0.652344 0.295455 0.652344 0.303977 0.652344 0.312500 0.648438 0.318182 0.642578 0.318182 0.636719 0.318182 0.632813 0.314631 0.632813 0.306108 0.632813 0.297585
0 0.667969 0.313920 0.672852 0.312500 0.677734 0.312500 0.679688 0.317472 0.679688 0.324574 0.679688 0.331676 0.677246 0.335227 0.672363 0.335227 0.667969 0.333807 0.667969 0.326705 0.667969 0.319602
0 0.589844 0.319602 0.595215 0.318182 0.600586 0.318182 0.605469 0.319602 0.605469 0.327415 0.605469 0.335227 0.604004 0.340909 0.598633 0.340909 0.593262 0.340909 0.589844 0.337358 0.589844 0.329545 0.589844 0.321733
0 0.621094 0.325284 0.626465 0.323864 0.631836 0.323864 0.636719 0.325284 0.636719 0.333097 0.636719 0.340909 0.635254 0.346591 0.629883 0.346591 0.624512 0.346591 0.621094 0.343040 0.621094 0.335227 0.621094 0.327415
0 0.695313 0.342330 0.700684 0.340909 0.706055 0.340909 0.710938 0.342330 0.710938 0.350142 0.710938 0.357955 0.709473 0.363636 0.704102 0.363636 0.698730 0.363636 0.695313 0.360085 0.695313 0.352273 0.695313 0.344460
0 0.609375 0.359375 0.613770 0.352983 0.620117 0.352273 0.625000 0.354403 0.628906 0.360795 0.628906 0.370028 0.628906 0.379261 0.627441 0.386364 0.621094 0.386364 0.614746 0.386364 0.609375 0.384233 0.609375 0.375000 0.609375 0.365767
0 0.679688 0.393466 0.685059 0.392045 0.690430 0.392045 0.695313 0.393466 0.695313 0.401278 0.695313 0.409091 0.693848 0.414773 0.688477 0.414773 0.683105 0.414773 0.679688 0.411222 0.679688 0.403409 0.679688 0.395597
0 0.605469 0.399148 0.610352 0.397727 0.615234 0.397727 0.617188 0.402699 0.617188 0.409801 0.615723 0.414773 0.610840 0.414773 0.605957 0.414773 0.605469 0.407670 0.605469 0.400568
0 0.621094 0.438920 0.626465 0.437500 0.631836 0.437500 0.636719 0.438920 0.636719 0.446733 0.636719 0.454545 0.635254 0.460227 0.629883 0.460227 0.624512 0.460227 0.621094 0.456676 0.621094 0.448864 0.621094 0.441051
0 0.695313 0.450284 0.700195 0.448864 0.705078 0.448864 0.707031 0.453835 0.707031 0.460938 0.707031 0.468040 0.704590 0.471591 0.699707 0.471591 0.695313 0.470170 0.695313 0.463068 0.695313 0.455966
0 0.519531 0.473011 0.524414 0.471591 0.529297 0.471591 0.531250 0.476563 0.531250 0.483665 0.529785 0.488636 0.524902 0.488636 0.520020 0.488636 0.519531 0.481534 0.519531 0.474432
0 0.527344 0.501420 0.532715 0.500000 0.538086 0.500000 0.542969 0.500710 0.542969 0.508523 0.542969 0.516335 0.539063 0.522017 0.534180 0.522727 0.528809 0.522727 0.527344 0.516335 0.527344 0.508523
0 0.628906 0.501420 0.633789 0.500000 0.638672 0.500000 0.643555 0.500000 0.644531 0.506392 0.644531 0.513494 0.642090 0.517045 0.637207 0.517045 0.632324 0.517045 0.628906 0.514205 0.628906 0.507102
0 0.539063 0.552557 0.544434 0.551136 0.549805 0.551136 0.554688 0.552557 0.554688 0.560369 0.554688 0.568182 0.553223 0.573864 0.547852 0.573864 0.542480 0.573864 0.539063 0.570313 0.539063 0.562500 0.539063 0.554688
0 0.542969 0.592330 0.548828 0.590909 0.552734 0.585227 0.558594 0.585227 0.562500 0.588068 0.562500 0.596591 0.562500 0.605114 0.558594 0.607955 0.554688 0.613636 0.548828 0.613636 0.542969 0.612926 0.542969 0.604403 0.542969 0.595881