0 0.621094 0.245739 0.628418 0.244318 0.633301 0.250000 0.640625 0.250000 0.644531 0.255682 0.645508 0.267045 0.648438 0.274148 0.647949 0.284091 0.640625 0.284091 0.633301 0.284091 0.625977 0.284091 0.621094 0.279830 0.621094 0.269176 0.621094 0.258523 0.621094 0.247869
0 0.601563 0.268466 0.605469 0.262784 0.611328 0.261364 0.616699 0.261364 0.617188 0.269886 0.617188 0.278409 0.613281 0.284091 0.613281 0.292614 0.609375 0.295455 0.603516 0.295455 0.601563 0.289063 0.601563 0.280540 0.601563 0.272017
0 0.632813 0.302557 0.636719 0.291903 0.645508 0.289773 0.652344 0.295455 0.661621 0.295455 0.664063 0.306108 0.663086 0.318182 0.652832 0.318892 0.648926 0.330256 0.655762 0.335227 0.664063 0.337358 0.664063 0.350852 0.660156 0.362216 0.651855 0.363636 0.644531 0.357244 0.644531 0.343750 0.636719 0.338778 0.632813 0.328125 0.632813 0.314631
0 0.671875 0.291193 0.677246 0.289773 0.682617 0.289773 0.685547 0.295455 0.687500 0.301136 0.687500 0.308949 0.684570 0.312500 0.679199 0.312500 0.673828 0.312500 0.671875 0.306818 0.671875 0.299006
0 0.703125 0.313920 0.708496 0.312500 0.713867 0.312500 0.716797 0.318182 0.718750 0.323864 0.718750 0.331676 0.715820 0.335227 0.710449 0.335227 0.705078 0.335227 0.703125 0.329545 0.703125 0.321733
0 0.683594 0.319602 0.688965 0.318182 0.694336 0.318182 0.699219 0.318892 0.699219 0.326705 0.699219 0.334517 0.698242 0.340909 0.692871 0.340909 0.687500 0.340199 0.684082 0.335227 0.683594 0.327415
0 0.718750 0.348011 0.722656 0.342330 0.728516 0.340909 0.734375 0.340909 0.738281 0.343750 0.738281 0.352273 0.738281 0.360795 0.738281 0.369318 0.732422 0.369318 0.726563 0.369318 0.720703 0.369318 0.718750 0.362926 0.718750 0.354403
0 0.722656 0.387784 0.730469 0.386364 0.738281 0.386364 0.743652 0.392045 0.746094 0.400568 0.744141 0.409091 0.747559 0.414773 0.755371 0.414773 0.757813 0.423295 0.755859 0.431818 0.748047 0.431818 0.742188 0.428267 0.741699 0.414773 0.733887 0.414773 0.726563 0.413352 0.722656 0.404830 0.722656 0.393466
0 0.679688 0.393466 0.688477 0.392045 0.695313 0.394886 0.699707 0.403409 0.708496 0.403409 0.710938 0.413352 0.712402 0.426136 0.718750 0.433239 0.718750 0.446023 0.718750 0.458807 0.710938 0.460227 0.704102 0.454545 0.703125 0.442472 0.700195 0.431818 0.695313 0.422585 0.690430 0.414773 0.681641 0.414773 0.679688 0.404119
0 0.605469 0.399148 0.610352 0.397727 0.615234 0.397727 0.617188 0.402699 0.617188 0.409801 0.615723 0.414773 0.610840 0.414773 0.605957 0.414773 0.605469 0.407670 0.605469 0.400568
0 0.746094 0.444602 0.751465 0.443182 0.756836 0.443182 0.761719 0.444602 0.761719 0.452415 0.761719 0.460227 0.760254 0.465909 0.754883 0.465909 0.749512 0.465909 0.746094 0.462358 0.746094 0.454545 0.746094 0.446733
0 0.605469 0.478693 0.612305 0.477273 0.617188 0.473011 0.617188 0.463068 0.623047 0.460227 0.628906 0.461648 0.628906 0.471591 0.628906 0.481534 0.623047 0.482955 0.617188 0.487216 0.617188 0.497159 0.612305 0.500000 0.605469 0.499290 0.605469 0.489347 0.605469 0.479403
0 0.730469 0.490057 0.734375 0.485085 0.739258 0.482955 0.744629 0.482955 0.746094 0.488636 0.746094 0.496449 0.746094 0.504261 0.741699 0.505682 0.736328 0.505682 0.730957 0.505682 0.730469 0.497869
0 0.613281 0.507102 0.619141 0.505682 0.624512 0.505682 0.628418 0.511364 0.628906 0.519886 0.628906 0.528409 0.625000 0.534091 0.619141 0.534091 0.613281 0.533381 0.613281 0.524858 0.613281 0.516335 0.613281 0.507813
0 0.746094 0.512784 0.750977 0.511364 0.755859 0.511364 0.760742 0.511364 0.761719 0.517756 0.761719 0.524858 0.759277 0.528409 0.754395 0.528409 0.749512 0.528409 0.746094 0.525568 0.746094 0.518466
0 0.722656 0.558239 0.727539 0.556818 0.732422 0.556818 0.737305 0.556818 0.738281 0.563210 0.738281 0.570313 0.735840 0.573864 0.730957 0.573864 0.726074 0.573864 0.722656 0.571023 0.722656 0.563920