0 0.621094 0.251420 0.626465 0.250000 0.631836 0.250000 0.636719 0.251420 0.636719 0.259233 0.636719 0.267045 0.635254 0.272727 0.629883 0.272727 0.624512 0.272727 0.621094 0.269176 0.621094 0.261364 0.621094 0.253551
0 0.601563 0.262784 0.606934 0.261364 0.612305 0.261364 0.615234 0.267045 0.617188 0.272727 0.617188 0.280540 0.613281 0.286222 0.610352 0.289773 0.604980 0.289773 0.601563 0.286222 0.601563 0.278409 0.601563 0.270597
0 0.671875 0.291193 0.679199 0.289773 0.686523 0.289773 0.687500 0.299006 0.687500 0.309659 0.694336 0.312500 0.699219 0.316761 0.699219 0.327415 0.697266 0.335227 0.689941 0.335227 0.683594 0.333097 0.683594 0.322443 0.681641 0.312500 0.674316 0.312500 0.671875 0.304688 0.671875 0.294034
0 0.660156 0.376420 0.669434 0.375000 0.672852 0.363636 0.680176 0.357955 0.687500 0.360795 0.687500 0.374290 0.691406 0.384943 0.691406 0.398438 0.694824 0.409091 0.699219 0.416903 0.699219 0.430398 0.690918 0.431818 0.687500 0.422585 0.686035 0.409091 0.678223 0.414773 0.668945 0.414773 0.667969 0.401989 0.660156 0.397017 0.660156 0.383523
0 0.617188 0.365057 0.623047 0.363636 0.628906 0.363636 0.632813 0.366477 0.636719 0.372159 0.636719 0.380682 0.636719 0.389205 0.632813 0.392045 0.626953 0.392045 0.621094 0.392045 0.617188 0.388494 0.617188 0.379972 0.617188 0.371449
0 0.601563 0.399148 0.607422 0.397727 0.613281 0.397727 0.619141 0.397727 0.621094 0.403409 0.621094 0.411932 0.621094 0.420455 0.619141 0.426136 0.613281 0.426136 0.607422 0.426136 0.603516 0.420455 0.601563 0.414063 0.601563 0.405540
0 0.585938 0.433239 0.591309 0.431818 0.596680 0.431818 0.601563 0.432528 0.601563 0.440341 0.601563 0.448153 0.597656 0.453125 0.593262 0.454545 0.587891 0.454545 0.585938 0.448864 0.585938 0.441051
0 0.601563 0.473011 0.607422 0.471591 0.613281 0.471591 0.617188 0.475142 0.617188 0.483665 0.617188 0.492188 0.616699 0.500000 0.610840 0.500000 0.604980 0.500000 0.601563 0.495739 0.601563 0.487216 0.601563 0.478693
0 0.660156 0.478693 0.665527 0.477273 0.670898 0.477273 0.675781 0.478693 0.675781 0.486506 0.675781 0.494318 0.674316 0.500000 0.668945 0.500000 0.663574 0.500000 0.660156 0.496449 0.660156 0.488636 0.660156 0.480824
0 0.726563 0.512784 0.731934 0.511364 0.737305 0.511364 0.742188 0.512074 0.742188 0.519886 0.742188 0.527699 0.741211 0.534091 0.735840 0.534091 0.730469 0.533381 0.727051 0.528409 0.726563 0.520597
0 0.683594 0.524148 0.688477 0.522727 0.693359 0.522727 0.698242 0.522727 0.699219 0.529119 0.699219 0.536222 0.696777 0.539773 0.691895 0.539773 0.687012 0.539773 0.683594 0.536932 0.683594 0.529830
0 0.566406 0.546875 0.571289 0.545455 0.576172 0.545455 0.578125 0.550426 0.578125 0.557528 0.578125 0.564631 0.575684 0.568182 0.570801 0.568182 0.566406 0.566761 0.566406 0.559659 0.566406 0.552557
0 0.515625 0.552557 0.520508 0.551136 0.525391 0.551136 0.527344 0.556108 0.527344 0.563210 0.525879 0.568182 0.520996 0.568182 0.516113 0.568182 0.515625 0.561080 0.515625 0.553977
0 0.539063 0.558239 0.543945 0.556818 0.548828 0.556818 0.553711 0.556818 0.554688 0.563210 0.554688 0.570313 0.552246 0.573864 0.547363 0.573864 0.542480 0.573864 0.539063 0.571023 0.539063 0.563920
0 0.687500 0.558239 0.692871 0.556818 0.698242 0.556818 0.703125 0.558239 0.703125 0.566051 0.703125 0.573864 0.701660 0.579545 0.696289 0.579545 0.690918 0.579545 0.687500 0.575994 0.687500 0.568182 0.687500 0.560369
0 0.566406 0.575284 0.571777 0.573864 0.577148 0.573864 0.582031 0.574574 0.582031 0.582386 0.582031 0.590199 0.581055 0.596591 0.575684 0.596591 0.570313 0.595881 0.566895 0.590909 0.566406 0.583097
0 0.550781 0.586648 0.555664 0.585227 0.560547 0.585227 0.562500 0.590199 0.562500 0.597301 0.562500 0.604403 0.560059 0.607955 0.555176 0.607955 0.550781 0.606534 0.550781 0.599432 0.550781 0.592330
0 0.507813 0.609375 0.512695 0.607955 0.517578 0.607955 0.519531 0.612926 0.519531 0.620028 0.518066 0.625000 0.513184 0.625000 0.508301 0.625000 0.507813 0.617898 0.507813 0.610795
0 0.570313 0.609375 0.576172 0.607955 0.582031 0.607955 0.585938 0.610795 0.585938 0.619318 0.585938 0.627841 0.585938 0.636364 0.580078 0.636364 0.574219 0.635653 0.574219 0.627131 0.570313 0.621449 0.570313 0.612926
0 0.535156 0.632102 0.542480 0.630682 0.546875 0.624290 0.547852 0.613636 0.555176 0.613636 0.562500 0.613636 0.566406 0.618608 0.566406 0.629261 0.561523 0.636364 0.554199 0.636364 0.548828 0.630682 0.546875 0.640625 0.544434 0.647727 0.537109 0.647727 0.535156 0.639205
0 0.632813 0.688920 0.641113 0.687500 0.644531 0.695313 0.648438 0.703835 0.648438 0.691761 0.650879 0.681818 0.659180 0.681818 0.664063 0.686790 0.664063 0.698864 0.657715 0.704545 0.652344 0.712358 0.652344 0.724432 0.645996 0.727273 0.637695 0.727273 0.631348 0.721591 0.628906 0.712358 0.632813 0.703125 0.632813 0.691051
0 0.601563 0.688920 0.607422 0.687500 0.613281 0.687500 0.617188 0.690341 0.621094 0.696023 0.621094 0.704545 0.619141 0.710227 0.615234 0.715909 0.609375 0.715909 0.603516 0.715909 0.601563 0.709517 0.601563 0.700994 0.601563 0.692472