0 0.621094 0.251420 0.627930 0.250000 0.634766 0.250000 0.640625 0.251420 0.642090 0.261364 0.648438 0.262784 0.648438 0.272727 0.648438 0.282670 0.642578 0.284091 0.635742 0.284091 0.628906 0.284091 0.622070 0.284091 0.621094 0.274858 0.621094 0.264915 0.621094 0.254972
0 0.601563 0.268466 0.606934 0.267045 0.612305 0.267045 0.617188 0.267756 0.617188 0.275568 0.617188 0.283381 0.613281 0.288352 0.608887 0.289773 0.603516 0.289773 0.601563 0.284091 0.601563 0.276278
0 0.585938 0.285511 0.590820 0.284091 0.595703 0.284091 0.597656 0.289063 0.597656 0.296165 0.597656 0.303267 0.595215 0.306818 0.590332 0.306818 0.585938 0.305398 0.585938 0.298295 0.585938 0.291193
0 0.613281 0.296875 0.623535 0.295455 0.625000 0.308949 0.632813 0.317472 0.632813 0.302557 0.637207 0.290483 0.647461 0.289773 0.652344 0.300426 0.652344 0.315341 0.648438 0.327415 0.654785 0.335227 0.664063 0.337358 0.664063 0.352273 0.655273 0.357955 0.645020 0.357955 0.644531 0.343040 0.638184 0.335227 0.627930 0.335227 0.617676 0.335227 0.613281 0.323153 0.613281 0.308239
0 0.671875 0.291193 0.677246 0.289773 0.682617 0.289773 0.687500 0.291193 0.687500 0.299006 0.687500 0.306818 0.686035 0.312500 0.680664 0.312500 0.675293 0.312500 0.671875 0.308949 0.671875 0.301136 0.671875 0.293324
0 0.703125 0.313920 0.708496 0.312500 0.713867 0.312500 0.718750 0.313920 0.718750 0.321733 0.718750 0.329545 0.717285 0.335227 0.711914 0.335227 0.706543 0.335227 0.703125 0.331676 0.703125 0.323864 0.703125 0.316051
0 0.718750 0.342330 0.724609 0.340909 0.730469 0.340909 0.736328 0.340909 0.738281 0.347301 0.738281 0.355824 0.737793 0.363636 0.731934 0.363636 0.726074 0.363636 0.720215 0.363636 0.718750 0.356534 0.718750 0.348011
0 0.667969 0.353693 0.671875 0.348011 0.677734 0.346591 0.683105 0.346591 0.683594 0.355114 0.687500 0.360795 0.687500 0.369318 0.685547 0.375000 0.679688 0.375000 0.673828 0.375000 0.669922 0.369318 0.667969 0.362926 0.667969 0.354403
0 0.699219 0.370739 0.704102 0.369318 0.708984 0.369318 0.710938 0.374290 0.710938 0.381392 0.710938 0.388494 0.708496 0.392045 0.703613 0.392045 0.699219 0.390625 0.699219 0.383523 0.699219 0.376420
0 0.726563 0.387784 0.732422 0.386364 0.738281 0.386364 0.742188 0.389915 0.742188 0.398438 0.742188 0.406960 0.741699 0.414773 0.735840 0.414773 0.729980 0.414773 0.726563 0.410511 0.726563 0.401989 0.726563 0.393466
0 0.605469 0.399148 0.610352 0.397727 0.615234 0.397727 0.617188 0.402699 0.617188 0.409801 0.617188 0.416903 0.614746 0.420455 0.609863 0.420455 0.605469 0.419034 0.605469 0.411932 0.605469 0.404830
0 0.699219 0.404830 0.706543 0.403409 0.710938 0.407670 0.710938 0.418324 0.714355 0.426136 0.718750 0.431108 0.718750 0.441761 0.718750 0.452415 0.716797 0.460227 0.709473 0.460227 0.704102 0.454545 0.703125 0.444602 0.703125 0.433949 0.699219 0.426136 0.699219 0.415483
0 0.746094 0.410511 0.750977 0.409091 0.755859 0.409091 0.757813 0.414063 0.757813 0.421165 0.757813 0.428267 0.755371 0.431818 0.750488 0.431818 0.746094 0.430398 0.746094 0.423295 0.746094 0.416193
0 0.730469 0.484375 0.738770 0.482955 0.746094 0.479403 0.746094 0.467330 0.746094 0.455256 0.747070 0.443182 0.755371 0.443182 0.761719 0.446023 0.761719 0.458097 0.760742 0.465909 0.761719 0.477273 0.757324 0.482955 0.749023 0.482955 0.746094 0.492898 0.746094 0.504972 0.738281 0.505682 0.730469 0.504261 0.730469 0.492188
0 0.605469 0.478693 0.611816 0.477273 0.613281 0.468750 0.618652 0.465909 0.625000 0.465909 0.628906 0.469460 0.628906 0.478693 0.625488 0.482955 0.619141 0.482955 0.617188 0.492898 0.615723 0.500000 0.609375 0.500000 0.605469 0.495739 0.605469 0.486506
0 0.613281 0.507102 0.618652 0.505682 0.624023 0.505682 0.626953 0.511364 0.628906 0.517045 0.628906 0.524858 0.625977 0.528409 0.620605 0.528409 0.615234 0.528409 0.613281 0.522727 0.613281 0.514915
0 0.746094 0.512784 0.750977 0.511364 0.755859 0.511364 0.757813 0.516335 0.757813 0.523438 0.756348 0.528409 0.751465 0.528409 0.746582 0.528409 0.746094 0.521307 0.746094 0.514205
0 0.722656 0.558239 0.727539 0.556818 0.732422 0.556818 0.734375 0.561790 0.734375 0.568892 0.734375 0.575994 0.731934 0.579545 0.727051 0.579545 0.722656 0.578125 0.722656 0.571023 0.722656 0.563920
0 0.687500 0.569602 0.691406 0.563920 0.697266 0.562500 0.703125 0.562500 0.707031 0.565341 0.707031 0.573864 0.707031 0.582386 0.707031 0.590909 0.701172 0.590909 0.695313 0.590199 0.691406 0.585227 0.687500 0.581676 0.687500 0.573153