0 0.621094 0.262784 0.625977 0.255682 0.630859 0.250000 0.637695 0.250000 0.640625 0.255682 0.644531 0.262784 0.648438 0.269886 0.648438 0.279830 0.644531 0.284091 0.637695 0.284091 0.630859 0.284091 0.624023 0.284091 0.621094 0.277699 0.621094 0.267756
0 0.632813 0.296875 0.640625 0.291903 0.649414 0.289773 0.656250 0.295455 0.664063 0.298295 0.664063 0.311790 0.659180 0.318182 0.651855 0.323864 0.650391 0.335227 0.659668 0.335227 0.664063 0.343040 0.660156 0.354403 0.653320 0.357955 0.644531 0.356534 0.644531 0.343040 0.639160 0.335227 0.636719 0.324574 0.632813 0.313920 0.632813 0.300426
0 0.671875 0.291193 0.677246 0.289773 0.682617 0.289773 0.687500 0.290483 0.687500 0.298295 0.687500 0.306108 0.683594 0.311080 0.679199 0.312500 0.673828 0.312500 0.671875 0.306818 0.671875 0.299006
0 0.703125 0.313920 0.708496 0.312500 0.713867 0.312500 0.718750 0.313920 0.718750 0.321733 0.718750 0.329545 0.717285 0.335227 0.711914 0.335227 0.706543 0.335227 0.703125 0.331676 0.703125 0.323864 0.703125 0.316051
0 0.718750 0.348011 0.722656 0.342330 0.728516 0.340909 0.734375 0.340909 0.738281 0.343750 0.738281 0.352273 0.738281 0.360795 0.734375 0.363636 0.728516 0.363636 0.722656 0.363636 0.718750 0.360085 0.718750 0.351563
0 0.667969 0.348011 0.673828 0.346591 0.679688 0.346591 0.683594 0.349432 0.687500 0.355114 0.687500 0.363636 0.685547 0.369318 0.679688 0.369318 0.673828 0.369318 0.667969 0.368608 0.667969 0.360085 0.667969 0.351563
0 0.699219 0.370739 0.704102 0.369318 0.708984 0.369318 0.710938 0.374290 0.710938 0.381392 0.710938 0.388494 0.708496 0.392045 0.703613 0.392045 0.699219 0.390625 0.699219 0.383523 0.699219 0.376420
0 0.722656 0.393466 0.730469 0.387784 0.740234 0.386364 0.746094 0.394886 0.747559 0.409091 0.757324 0.409091 0.761719 0.420455 0.765137 0.431818 0.769531 0.440341 0.769531 0.454545 0.761719 0.460938 0.755371 0.465909 0.746094 0.464489 0.746094 0.450284 0.751953 0.443182 0.757813 0.436080 0.749512 0.431818 0.742188 0.427557 0.739258 0.414773 0.729492 0.414773 0.722656 0.406960
0 0.699219 0.410511 0.705078 0.403409 0.712891 0.403409 0.714844 0.411932 0.712891 0.420455 0.716797 0.426136 0.718750 0.435369 0.718750 0.446733 0.718750 0.458097 0.716309 0.465909 0.708496 0.465909 0.703125 0.458807 0.703125 0.447443 0.703125 0.436080 0.706543 0.426136 0.699219 0.424716 0.699219 0.413352
0 0.730469 0.484375 0.735840 0.482955 0.741211 0.482955 0.746094 0.484375 0.746094 0.492188 0.746094 0.500000 0.744629 0.505682 0.739258 0.505682 0.733887 0.505682 0.730469 0.502131 0.730469 0.494318 0.730469 0.486506
0 0.746094 0.512784 0.750977 0.511364 0.755859 0.511364 0.757813 0.516335 0.757813 0.523438 0.756348 0.528409 0.751465 0.528409 0.746582 0.528409 0.746094 0.521307 0.746094 0.514205
0 0.722656 0.552557 0.728027 0.551136 0.733398 0.551136 0.738281 0.552557 0.738281 0.560369 0.738281 0.568182 0.736816 0.573864 0.731445 0.573864 0.726074 0.573864 0.722656 0.570313 0.722656 0.562500 0.722656 0.554688
0 0.683594 0.569602 0.687988 0.563210 0.694336 0.562500 0.700684 0.562500 0.706543 0.562500 0.707031 0.571733 0.707031 0.580966 0.707031 0.590199 0.701172 0.590909 0.694824 0.590909 0.688477 0.590909 0.683594 0.588068 0.683594 0.578835