0 0.601563 0.262784 0.606934 0.261364 0.612305 0.261364 0.615234 0.267045 0.617188 0.272727 0.617188 0.280540 0.614258 0.284091 0.608887 0.284091 0.603516 0.284091 0.601563 0.278409 0.601563 0.270597
0 0.632813 0.291193 0.639160 0.289773 0.645508 0.289773 0.649414 0.295455 0.652344 0.301136 0.652344 0.310369 0.651367 0.318182 0.646973 0.323864 0.640625 0.323864 0.636230 0.318182 0.632813 0.313210 0.632813 0.303977 0.632813 0.294744
0 0.671875 0.291193 0.681641 0.289773 0.687500 0.295455 0.687500 0.309659 0.687012 0.318182 0.696777 0.318182 0.699219 0.329545 0.702637 0.340909 0.710938 0.343750 0.710938 0.357955 0.705078 0.363636 0.695313 0.362926 0.695313 0.348722 0.689453 0.340909 0.683594 0.334517 0.683105 0.318182 0.679688 0.330256 0.673340 0.335227 0.667969 0.328125 0.667969 0.313920 0.671875 0.302557
0 0.621094 0.325284 0.625977 0.323864 0.630859 0.323864 0.632813 0.328835 0.632813 0.335938 0.632813 0.343040 0.630371 0.346591 0.625488 0.346591 0.621094 0.345170 0.621094 0.338068 0.621094 0.330966
0 0.609375 0.359375 0.616211 0.357955 0.623047 0.357955 0.628906 0.359375 0.632813 0.366477 0.636719 0.373580 0.636719 0.383523 0.632813 0.391335 0.626465 0.392045 0.621094 0.389205 0.614746 0.386364 0.609375 0.383523 0.609375 0.373580 0.609375 0.363636
0 0.660156 0.376420 0.667480 0.375000 0.671875 0.369318 0.672363 0.358665 0.679688 0.357955 0.687012 0.357955 0.687500 0.367898 0.684082 0.375710 0.679688 0.380682 0.675781 0.388494 0.675781 0.399148 0.671387 0.403409 0.664063 0.403409 0.660156 0.397727 0.660156 0.387074
0 0.679688 0.393466 0.685059 0.392045 0.690430 0.392045 0.695313 0.393466 0.695313 0.401278 0.695313 0.409091 0.693848 0.414773 0.688477 0.414773 0.683105 0.414773 0.679688 0.411222 0.679688 0.403409 0.679688 0.395597
0 0.605469 0.399148 0.611328 0.397727 0.616699 0.397727 0.617188 0.406250 0.622559 0.409091 0.625000 0.414773 0.625000 0.423295 0.621094 0.426136 0.615234 0.426136 0.613281 0.419744 0.609375 0.414773 0.605469 0.411222 0.605469 0.402699
0 0.699219 0.404830 0.707520 0.403409 0.710938 0.410511 0.710938 0.422585 0.718262 0.426136 0.718750 0.438210 0.723145 0.448864 0.726563 0.456676 0.726563 0.468750 0.722168 0.477273 0.713867 0.477273 0.710938 0.468750 0.707031 0.459517 0.703125 0.450284 0.703125 0.438210 0.699219 0.428977 0.699219 0.416903
0 0.730469 0.461648 0.735352 0.460227 0.740234 0.460227 0.745117 0.460227 0.746094 0.466619 0.746094 0.473722 0.743652 0.477273 0.738770 0.477273 0.733887 0.477273 0.730469 0.474432 0.730469 0.467330
0 0.605469 0.478693 0.611816 0.477273 0.613281 0.468750 0.618652 0.465909 0.624512 0.465909 0.625000 0.475142 0.624023 0.482955 0.617188 0.485085 0.617188 0.494318 0.614746 0.500000 0.608398 0.500000 0.605469 0.494318 0.605469 0.485085
0 0.628906 0.495739 0.633789 0.494318 0.638672 0.494318 0.640625 0.499290 0.640625 0.506392 0.640625 0.513494 0.638184 0.517045 0.633301 0.517045 0.628906 0.515625 0.628906 0.508523 0.628906 0.501420
0 0.539063 0.552557 0.544434 0.551136 0.549805 0.551136 0.554688 0.552557 0.554688 0.560369 0.554688 0.568182 0.553223 0.573864 0.547852 0.573864 0.542480 0.573864 0.539063 0.570313 0.539063 0.562500 0.539063 0.554688
0 0.539063 0.592330 0.545410 0.590909 0.550781 0.588068 0.556152 0.585227 0.562012 0.585227 0.562500 0.594460 0.562500 0.603693 0.559082 0.607955 0.554688 0.613636 0.548340 0.613636 0.541992 0.613636 0.539063 0.607955 0.539063 0.598722