0 0.621094 0.251420 0.625977 0.244318 0.632813 0.244318 0.639648 0.244318 0.640625 0.252841 0.643066 0.261364 0.644531 0.269886 0.644531 0.279830 0.640625 0.284091 0.633789 0.284091 0.626953 0.284091 0.621094 0.281960 0.621094 0.272017 0.621094 0.262074 0.621094 0.252131
0 0.601563 0.262784 0.607422 0.261364 0.612793 0.261364 0.616699 0.267045 0.617188 0.275568 0.617188 0.284091 0.613281 0.289773 0.607422 0.289773 0.601563 0.289063 0.601563 0.280540 0.601563 0.272017 0.601563 0.263494
0 0.671875 0.291193 0.679688 0.289773 0.687012 0.289773 0.687500 0.301136 0.688965 0.312500 0.696777 0.312500 0.699219 0.321023 0.699219 0.332386 0.697266 0.340909 0.689453 0.340909 0.683594 0.337358 0.683594 0.325994 0.687500 0.317472 0.681152 0.312500 0.673340 0.312500 0.671875 0.302557
0 0.628906 0.302557 0.636719 0.297585 0.645508 0.295455 0.654785 0.295455 0.663574 0.295455 0.664063 0.308949 0.661133 0.318182 0.652344 0.322443 0.648438 0.333097 0.657715 0.335227 0.664063 0.340199 0.663086 0.352273 0.655273 0.357955 0.645996 0.357955 0.644531 0.345881 0.646484 0.335227 0.637207 0.335227 0.629883 0.329545 0.628906 0.316761 0.628906 0.303267
0 0.703125 0.313920 0.708496 0.312500 0.713867 0.312500 0.718750 0.313920 0.718750 0.321733 0.718750 0.329545 0.717285 0.335227 0.711914 0.335227 0.706543 0.335227 0.703125 0.331676 0.703125 0.323864 0.703125 0.316051
0 0.722656 0.342330 0.728516 0.340909 0.734375 0.340909 0.738281 0.343750 0.738281 0.352273 0.738281 0.360795 0.734375 0.366477 0.730469 0.369318 0.724609 0.369318 0.722656 0.362926 0.722656 0.354403 0.722656 0.345881
0 0.671875 0.359375 0.677246 0.357955 0.682617 0.357955 0.687500 0.358665 0.687500 0.366477 0.687500 0.374290 0.683594 0.379261 0.679199 0.380682 0.673828 0.380682 0.671875 0.375000 0.671875 0.367188
0 0.726563 0.387784 0.733887 0.386364 0.738770 0.392045 0.746094 0.392756 0.746094 0.403409 0.750977 0.409091 0.757813 0.410511 0.757813 0.421165 0.757813 0.431818 0.750488 0.431818 0.743164 0.431818 0.742188 0.421875 0.737793 0.414773 0.730469 0.414773 0.726563 0.409091 0.726563 0.398438
0 0.679688 0.393466 0.685059 0.392045 0.690430 0.392045 0.695313 0.392756 0.695313 0.400568 0.695313 0.408381 0.694336 0.414773 0.688965 0.414773 0.683594 0.414063 0.680176 0.409091 0.679688 0.401278
0 0.605469 0.399148 0.611328 0.397727 0.616699 0.397727 0.617188 0.406250 0.622559 0.409091 0.625000 0.414773 0.625000 0.423295 0.621094 0.426136 0.615234 0.426136 0.613281 0.419744 0.609375 0.414773 0.605469 0.411222 0.605469 0.402699
0 0.699219 0.410511 0.706055 0.409091 0.710938 0.411932 0.710938 0.421875 0.716309 0.426136 0.718750 0.433239 0.718750 0.443182 0.718750 0.453125 0.712891 0.454545 0.707031 0.452415 0.703125 0.445313 0.703125 0.435369 0.701172 0.426136 0.699219 0.418324
0 0.757813 0.438920 0.762695 0.437500 0.767578 0.437500 0.769531 0.442472 0.769531 0.449574 0.768066 0.454545 0.763184 0.454545 0.758301 0.454545 0.757813 0.447443 0.757813 0.440341
0 0.601563 0.478693 0.606934 0.477273 0.612305 0.477273 0.617188 0.477983 0.617188 0.485795 0.617188 0.493608 0.616211 0.500000 0.610840 0.500000 0.605469 0.499290 0.602051 0.494318 0.601563 0.486506
0 0.613281 0.507102 0.618164 0.505682 0.623047 0.505682 0.625000 0.510653 0.625000 0.517756 0.625000 0.524858 0.622559 0.528409 0.617676 0.528409 0.613281 0.526989 0.613281 0.519886 0.613281 0.512784
0 0.746094 0.512784 0.750977 0.511364 0.755859 0.511364 0.757813 0.516335 0.757813 0.523438 0.756348 0.528409 0.751465 0.528409 0.746582 0.528409 0.746094 0.521307 0.746094 0.514205
0 0.722656 0.552557 0.728027 0.551136 0.733398 0.551136 0.738281 0.552557 0.738281 0.560369 0.738281 0.568182 0.736816 0.573864 0.731445 0.573864 0.726074 0.573864 0.722656 0.570313 0.722656 0.562500 0.722656 0.554688
0 0.542969 0.598011 0.550781 0.594460 0.553711 0.585227 0.562012 0.585227 0.562500 0.596591 0.562012 0.607955 0.555664 0.613636 0.562012 0.619318 0.562500 0.631392 0.562500 0.643466 0.561035 0.653409 0.552734 0.653409 0.550293 0.642045 0.546875 0.634233 0.546875 0.622159 0.542969 0.612926 0.542969 0.600852
0 0.726563 0.592330 0.731445 0.590909 0.736328 0.590909 0.738281 0.595881 0.738281 0.602983 0.736816 0.607955 0.731934 0.607955 0.727051 0.607955 0.726563 0.600852 0.726563 0.593750