0 0.664063 0.319602 0.668945 0.318182 0.673828 0.318182 0.675781 0.323153 0.675781 0.330256 0.675781 0.337358 0.673340 0.340909 0.668457 0.340909 0.664063 0.339489 0.664063 0.332386 0.664063 0.325284
0 0.605469 0.325284 0.610840 0.323864 0.616211 0.323864 0.617188 0.330966 0.617188 0.338778 0.617188 0.346591 0.615723 0.352273 0.610352 0.352273 0.605469 0.350852 0.605469 0.343040 0.605469 0.335227 0.605469 0.327415
0 0.636719 0.370739 0.642090 0.363636 0.649414 0.363636 0.652344 0.355824 0.658203 0.352273 0.665527 0.352273 0.667969 0.359375 0.667480 0.369318 0.660156 0.369318 0.652344 0.371449 0.652344 0.382102 0.651855 0.392045 0.644531 0.392045 0.637207 0.392045 0.636719 0.381392
0 0.683594 0.359375 0.688477 0.357955 0.693359 0.357955 0.695313 0.362926 0.695313 0.370028 0.695313 0.377131 0.692871 0.380682 0.687988 0.380682 0.683594 0.379261 0.683594 0.372159 0.683594 0.365057
0 0.660156 0.404830 0.665039 0.403409 0.669922 0.403409 0.671875 0.408381 0.671875 0.415483 0.671875 0.422585 0.669434 0.426136 0.664551 0.426136 0.660156 0.424716 0.660156 0.417614 0.660156 0.410511
0 0.683594 0.421875 0.689941 0.420455 0.696289 0.420455 0.702637 0.420455 0.707031 0.424006 0.707031 0.433239 0.707031 0.442472 0.705078 0.448864 0.698730 0.448864 0.692383 0.448864 0.686035 0.448864 0.683594 0.442472 0.683594 0.433239 0.683594 0.424006
0 0.488281 0.467330 0.493164 0.465909 0.498047 0.465909 0.500000 0.470881 0.500000 0.477983 0.498535 0.482955 0.493652 0.482955 0.488770 0.482955 0.488281 0.475852 0.488281 0.468750
0 0.644531 0.467330 0.653809 0.465909 0.656250 0.476563 0.659180 0.488636 0.664063 0.480824 0.667969 0.470170 0.675293 0.465909 0.679688 0.473011 0.679688 0.486506 0.671875 0.488636 0.668945 0.500000 0.671875 0.509943 0.671387 0.522727 0.662109 0.522727 0.656250 0.517045 0.656250 0.503551 0.655273 0.488636 0.645996 0.488636 0.644531 0.476563
0 0.542969 0.524148 0.547852 0.522727 0.552734 0.522727 0.557617 0.522727 0.558594 0.529119 0.558594 0.536222 0.556152 0.539773 0.551270 0.539773 0.546387 0.539773 0.542969 0.536932 0.542969 0.529830
0 0.527344 0.575284 0.532227 0.573864 0.537109 0.573864 0.539063 0.578835 0.539063 0.585938 0.539063 0.593040 0.536621 0.596591 0.531738 0.596591 0.527344 0.595170 0.527344 0.588068 0.527344 0.580966
0 0.558594 0.580966 0.563477 0.579545 0.568359 0.579545 0.570313 0.584517 0.570313 0.591619 0.570313 0.598722 0.567871 0.602273 0.562988 0.602273 0.558594 0.600852 0.558594 0.593750 0.558594 0.586648
0 0.589844 0.615057 0.595215 0.613636 0.600586 0.613636 0.601563 0.620739 0.601563 0.628551 0.601563 0.636364 0.600098 0.642045 0.594727 0.642045 0.589844 0.640625 0.589844 0.632813 0.589844 0.625000 0.589844 0.617188
0 0.550781 0.632102 0.556152 0.630682 0.561523 0.630682 0.566406 0.632102 0.566406 0.639915 0.566406 0.647727 0.564941 0.653409 0.559570 0.653409 0.554199 0.653409 0.550781 0.649858 0.550781 0.642045 0.550781 0.634233