0 0.546875 0.296875 0.554688 0.295455 0.558594 0.301136 0.560059 0.312500 0.566406 0.308949 0.569824 0.301136 0.577637 0.301136 0.582031 0.306818 0.582031 0.318182 0.578125 0.323864 0.570313 0.326705 0.564453 0.329545 0.558594 0.325994 0.558105 0.312500 0.550293 0.312500 0.546875 0.305398
0 0.531250 0.313920 0.536133 0.312500 0.541016 0.312500 0.542969 0.317472 0.542969 0.324574 0.542969 0.331676 0.540527 0.335227 0.535645 0.335227 0.531250 0.333807 0.531250 0.326705 0.531250 0.319602
0 0.613281 0.330966 0.619141 0.329545 0.624512 0.329545 0.628418 0.335227 0.632813 0.338068 0.632813 0.346591 0.632813 0.355114 0.628906 0.357955 0.623047 0.357955 0.621094 0.351563 0.617188 0.346591 0.613281 0.343040 0.613281 0.334517
0 0.558594 0.342330 0.564941 0.340909 0.570313 0.338068 0.575684 0.335227 0.582031 0.335227 0.585938 0.338778 0.585938 0.348011 0.585938 0.357244 0.580078 0.357955 0.573730 0.357955 0.569336 0.363636 0.562988 0.363636 0.558594 0.360085 0.558594 0.350852
0 0.660156 0.393466 0.667969 0.392045 0.675293 0.392045 0.675781 0.403409 0.679688 0.411932 0.679688 0.423295 0.677734 0.431818 0.669922 0.431818 0.664063 0.436790 0.664063 0.448153 0.656738 0.448864 0.652344 0.443182 0.653320 0.431818 0.661133 0.431818 0.664063 0.422585 0.660156 0.414063 0.660156 0.402699
0 0.687500 0.433239 0.695313 0.426847 0.699219 0.414773 0.702637 0.403409 0.710938 0.406250 0.710449 0.420455 0.707031 0.433949 0.703125 0.446023 0.710938 0.444602 0.717285 0.437500 0.722656 0.445313 0.722656 0.460227 0.716797 0.465909 0.722656 0.473011 0.718750 0.485085 0.710938 0.488636 0.707031 0.478693 0.703125 0.466619 0.699707 0.454545 0.689453 0.454545 0.687500 0.441761
0 0.617188 0.416193 0.622559 0.414773 0.627930 0.414773 0.632813 0.415483 0.632813 0.423295 0.632813 0.431108 0.631836 0.437500 0.626465 0.437500 0.621094 0.436790 0.617676 0.431818 0.617188 0.424006
0 0.679688 0.501420 0.686035 0.500000 0.692383 0.500000 0.695313 0.504972 0.695313 0.514205 0.691406 0.521307 0.695313 0.527699 0.695313 0.536932 0.690918 0.539773 0.684570 0.539773 0.679688 0.536932 0.679688 0.527699 0.679688 0.518466 0.679688 0.509233
0 0.664063 0.558239 0.670410 0.556818 0.675781 0.553977 0.677246 0.545455 0.683594 0.545455 0.689941 0.545455 0.691406 0.552557 0.691406 0.561790 0.685547 0.562500 0.679199 0.562500 0.675781 0.569602 0.672363 0.573864 0.666016 0.573864 0.664063 0.566761
0 0.675781 0.626420 0.683594 0.624290 0.683594 0.613636 0.687988 0.607955 0.695313 0.606534 0.700684 0.602273 0.707031 0.603693 0.707031 0.614347 0.707031 0.625000 0.699707 0.625000 0.694336 0.630682 0.691406 0.639915 0.687012 0.647727 0.679688 0.647727 0.675781 0.642045 0.675781 0.631392
0 0.628906 0.620739 0.633789 0.619318 0.638672 0.619318 0.640625 0.624290 0.640625 0.631392 0.639160 0.636364 0.634277 0.636364 0.629395 0.636364 0.628906 0.629261 0.628906 0.622159
0 0.578125 0.643466 0.583008 0.642045 0.587891 0.642045 0.589844 0.647017 0.589844 0.654119 0.589844 0.661222 0.587402 0.664773 0.582520 0.664773 0.578125 0.663352 0.578125 0.656250 0.578125 0.649148
0 0.609375 0.643466 0.616699 0.642045 0.624023 0.642045 0.625000 0.651278 0.625000 0.661932 0.631836 0.664773 0.636719 0.669034 0.636719 0.679688 0.632324 0.687500 0.625000 0.687500 0.621094 0.681818 0.621094 0.671165 0.616699 0.664773 0.611328 0.659091 0.609375 0.650568
0 0.652344 0.643466 0.657227 0.642045 0.662109 0.642045 0.666992 0.642045 0.667969 0.648438 0.667969 0.655540 0.665527 0.659091 0.660645 0.659091 0.655762 0.659091 0.652344 0.656250 0.652344 0.649148