0 0.550781 0.348011 0.556641 0.346591 0.562500 0.346591 0.568359 0.346591 0.570313 0.352273 0.570313 0.360795 0.566406 0.366477 0.562500 0.369318 0.556641 0.369318 0.550781 0.368608 0.550781 0.360085 0.550781 0.351563
0 0.601563 0.348011 0.606445 0.346591 0.611328 0.346591 0.613281 0.351563 0.613281 0.358665 0.613281 0.365767 0.610840 0.369318 0.605957 0.369318 0.601563 0.367898 0.601563 0.360795 0.601563 0.353693
0 0.636719 0.382102 0.641602 0.380682 0.646484 0.380682 0.648438 0.385653 0.648438 0.392756 0.646973 0.397727 0.642090 0.397727 0.637207 0.397727 0.636719 0.390625 0.636719 0.383523
0 0.636719 0.404830 0.642578 0.403409 0.648438 0.403409 0.654297 0.403409 0.656250 0.409801 0.656250 0.418324 0.655762 0.426136 0.649902 0.426136 0.644043 0.426136 0.638184 0.426136 0.636719 0.419034 0.636719 0.410511
0 0.539063 0.416193 0.542969 0.410511 0.548828 0.409091 0.554688 0.409091 0.558594 0.411932 0.558594 0.420455 0.558594 0.428977 0.554688 0.431818 0.548828 0.431818 0.542969 0.431818 0.539063 0.428267 0.539063 0.419744
0 0.664063 0.427557 0.671875 0.420455 0.675781 0.409091 0.686523 0.409091 0.687500 0.423295 0.682617 0.431818 0.679688 0.446733 0.690430 0.448864 0.695313 0.460227 0.706055 0.460227 0.710938 0.469460 0.705566 0.477273 0.695313 0.480824 0.686035 0.482955 0.683594 0.470170 0.679688 0.476563 0.673340 0.482955 0.667969 0.474432 0.664063 0.461648 0.670898 0.454545 0.671387 0.448864 0.664063 0.443182
0 0.535156 0.444602 0.540039 0.443182 0.544922 0.443182 0.549805 0.443182 0.550781 0.449574 0.550781 0.456676 0.548340 0.460227 0.543457 0.460227 0.538574 0.460227 0.535156 0.457386 0.535156 0.450284
0 0.625000 0.461648 0.630371 0.460227 0.635742 0.460227 0.640625 0.461648 0.640625 0.469460 0.640625 0.477273 0.639160 0.482955 0.633789 0.482955 0.628418 0.482955 0.625000 0.479403 0.625000 0.471591 0.625000 0.463778
0 0.699219 0.484375 0.704590 0.482955 0.709961 0.482955 0.714844 0.484375 0.714844 0.492188 0.714844 0.500000 0.713379 0.505682 0.708008 0.505682 0.702637 0.505682 0.699219 0.502131 0.699219 0.494318 0.699219 0.486506
0 0.675781 0.518466 0.679688 0.513494 0.684570 0.511364 0.689941 0.511364 0.691406 0.517045 0.691406 0.524858 0.687500 0.530540 0.684570 0.534091 0.679199 0.534091 0.675781 0.530540 0.675781 0.522727
0 0.644531 0.535511 0.654297 0.534091 0.660156 0.539773 0.667480 0.545455 0.675781 0.548295 0.681152 0.556818 0.683594 0.568182 0.677734 0.573864 0.675293 0.579545 0.683594 0.582386 0.683594 0.596591 0.673828 0.596591 0.666016 0.590909 0.656250 0.590199 0.656250 0.575994 0.665527 0.573864 0.666016 0.562500 0.660156 0.556108 0.652344 0.551136 0.644531 0.547585
0 0.632813 0.626420 0.639648 0.619318 0.648438 0.620028 0.655273 0.625000 0.664063 0.625000 0.667969 0.616477 0.675781 0.613636 0.679688 0.620739 0.679688 0.633523 0.671875 0.638494 0.669434 0.647727 0.660156 0.649858 0.657715 0.659091 0.648926 0.659091 0.648438 0.646307 0.641113 0.642045 0.632813 0.640625 0.632813 0.627841