0 0.585938 0.404830 0.591309 0.403409 0.596680 0.403409 0.601563 0.404830 0.601563 0.412642 0.601563 0.420455 0.600098 0.426136 0.594727 0.426136 0.589355 0.426136 0.585938 0.422585 0.585938 0.414773 0.585938 0.406960
0 0.640625 0.461648 0.646484 0.460227 0.652344 0.460227 0.658203 0.460227 0.664063 0.460938 0.664063 0.469460 0.663574 0.477273 0.657715 0.477273 0.651855 0.477273 0.645996 0.477273 0.640625 0.475852 0.640625 0.467330
0 0.574219 0.467330 0.579590 0.465909 0.584961 0.465909 0.589844 0.466619 0.589844 0.474432 0.589844 0.482244 0.585938 0.487216 0.581543 0.488636 0.576172 0.488636 0.574219 0.482955 0.574219 0.475142
0 0.625000 0.501420 0.629883 0.500000 0.634766 0.500000 0.636719 0.504972 0.636719 0.512074 0.635254 0.517045 0.630371 0.517045 0.625488 0.517045 0.625000 0.509943 0.625000 0.502841
0 0.656250 0.507102 0.661133 0.505682 0.666016 0.505682 0.667969 0.510653 0.667969 0.517756 0.667969 0.524858 0.665527 0.528409 0.660645 0.528409 0.656250 0.526989 0.656250 0.519886 0.656250 0.512784
0 0.667969 0.535511 0.675781 0.532670 0.675781 0.521307 0.681641 0.517045 0.687500 0.519886 0.691406 0.528409 0.696777 0.534091 0.703125 0.536932 0.703125 0.548295 0.697266 0.551136 0.689453 0.551136 0.687500 0.541903 0.683594 0.549006 0.681152 0.556818 0.673340 0.556818 0.667969 0.552557 0.667969 0.541193
0 0.707031 0.518466 0.711914 0.517045 0.716797 0.517045 0.718750 0.522017 0.718750 0.529119 0.718750 0.536222 0.716309 0.539773 0.711426 0.539773 0.707031 0.538352 0.707031 0.531250 0.707031 0.524148
0 0.710938 0.546875 0.718262 0.545455 0.725586 0.545455 0.730469 0.549006 0.730469 0.559659 0.726563 0.567472 0.719727 0.568182 0.714844 0.574574 0.714844 0.585227 0.707520 0.585227 0.703125 0.580256 0.703125 0.569602 0.710449 0.568182 0.712891 0.562500 0.710938 0.553977
0 0.652344 0.558239 0.658691 0.556818 0.664063 0.558239 0.668945 0.562500 0.675293 0.562500 0.675781 0.571733 0.675781 0.580966 0.672363 0.585227 0.666016 0.585227 0.661621 0.579545 0.655273 0.579545 0.652344 0.573864 0.652344 0.564631
0 0.621094 0.569602 0.627441 0.568182 0.633789 0.568182 0.636719 0.573153 0.640137 0.579545 0.644531 0.583097 0.644531 0.592330 0.640625 0.599432 0.636230 0.602273 0.629883 0.602273 0.628906 0.593750 0.626953 0.585227 0.621094 0.583807 0.621094 0.574574
0 0.395508 0.590909 0.400391 0.590909 0.405273 0.590909 0.406250 0.597301 0.406250 0.604403 0.403809 0.607955 0.398926 0.607955 0.394531 0.606534 0.394531 0.599432 0.394531 0.592330