0 0.628906 0.308239 0.633789 0.306818 0.638672 0.306818 0.643555 0.306818 0.644531 0.313210 0.644531 0.320313 0.642090 0.323864 0.637207 0.323864 0.632324 0.323864 0.628906 0.321023 0.628906 0.313920
0 0.652344 0.319602 0.657227 0.318182 0.662109 0.318182 0.664063 0.323153 0.664063 0.330256 0.662598 0.335227 0.657715 0.335227 0.652832 0.335227 0.652344 0.328125 0.652344 0.321023
0 0.675781 0.353693 0.682617 0.352273 0.687500 0.355114 0.687500 0.365057 0.692383 0.369318 0.699219 0.370028 0.699219 0.379972 0.699219 0.389915 0.693848 0.392045 0.687500 0.390625 0.687500 0.380682 0.686523 0.369318 0.679688 0.369318 0.675781 0.364347 0.675781 0.354403
0 0.671875 0.376420 0.676758 0.375000 0.681641 0.375000 0.683594 0.379972 0.683594 0.387074 0.682129 0.392045 0.677246 0.392045 0.672363 0.392045 0.671875 0.384943 0.671875 0.377841
0 0.703125 0.376420 0.708496 0.375000 0.713867 0.375000 0.718750 0.375710 0.718750 0.383523 0.718750 0.391335 0.714844 0.396307 0.710449 0.397727 0.705078 0.397727 0.703125 0.392045 0.703125 0.384233
0 0.589844 0.410511 0.595215 0.409091 0.600586 0.409091 0.605469 0.409801 0.605469 0.417614 0.605469 0.425426 0.604492 0.431818 0.599121 0.431818 0.593750 0.431108 0.590332 0.426136 0.589844 0.418324
0 0.640625 0.421875 0.645508 0.420455 0.650391 0.420455 0.652344 0.425426 0.652344 0.432528 0.652344 0.439631 0.649902 0.443182 0.645020 0.443182 0.640625 0.441761 0.640625 0.434659 0.640625 0.427557
0 0.570313 0.455966 0.576660 0.454545 0.582031 0.451705 0.583496 0.443182 0.589844 0.443182 0.593750 0.446733 0.593750 0.455966 0.590332 0.460227 0.585938 0.466619 0.585938 0.475852 0.580566 0.477273 0.574219 0.477273 0.570313 0.473011 0.570313 0.463778
0 0.671875 0.450284 0.675781 0.445313 0.680664 0.443182 0.686035 0.443182 0.687500 0.448864 0.687500 0.456676 0.687500 0.464489 0.683105 0.465909 0.677734 0.465909 0.672363 0.465909 0.671875 0.458097
0 0.589844 0.484375 0.597168 0.482955 0.604492 0.482955 0.605469 0.492188 0.608887 0.500000 0.616211 0.500000 0.623535 0.500000 0.625000 0.509233 0.623047 0.517045 0.615723 0.517045 0.608398 0.517045 0.605469 0.509943 0.599609 0.505682 0.592285 0.505682 0.589844 0.497869 0.589844 0.487216
0 0.558594 0.512784 0.566895 0.511364 0.575195 0.511364 0.578125 0.519176 0.578125 0.531250 0.582031 0.539773 0.589844 0.541193 0.589844 0.553267 0.589844 0.565341 0.586426 0.574574 0.581055 0.579545 0.574219 0.576705 0.574219 0.564631 0.570313 0.555398 0.570313 0.543324 0.564941 0.534091 0.558594 0.530540 0.558594 0.518466
0 0.539063 0.552557 0.543945 0.551136 0.548828 0.551136 0.553711 0.551136 0.554688 0.557528 0.554688 0.564631 0.552246 0.568182 0.547363 0.568182 0.542480 0.568182 0.539063 0.565341 0.539063 0.558239
0 0.617188 0.626420 0.625488 0.614347 0.632813 0.605114 0.642090 0.596591 0.654297 0.596591 0.648438 0.588068 0.648438 0.570313 0.660156 0.568182 0.666504 0.579545 0.671875 0.590199 0.675781 0.587358 0.683594 0.575284 0.691895 0.568182 0.699219 0.575284 0.695313 0.590909 0.686523 0.602273 0.679688 0.612926 0.671875 0.619318 0.667969 0.606534 0.661133 0.596591 0.656250 0.610085 0.650391 0.619318 0.639648 0.625000 0.632813 0.639915 0.622070 0.642045 0.617188 0.630682
0 0.617188 0.580966 0.622559 0.579545 0.627930 0.579545 0.632813 0.580256 0.632813 0.588068 0.632813 0.595881 0.628906 0.600852 0.624512 0.602273 0.619141 0.602273 0.617188 0.596591 0.617188 0.588778