0 0.554688 0.359375 0.560059 0.357955 0.565430 0.357955 0.570313 0.359375 0.570313 0.367188 0.570313 0.375000 0.568848 0.380682 0.563477 0.380682 0.558105 0.380682 0.554688 0.377131 0.554688 0.369318 0.554688 0.361506
0 0.566406 0.387784 0.573242 0.386364 0.578125 0.382102 0.578125 0.372159 0.580078 0.363636 0.586914 0.363636 0.593262 0.363636 0.593750 0.373580 0.591797 0.380682 0.586426 0.386364 0.582031 0.393466 0.582031 0.403409 0.575195 0.403409 0.568359 0.403409 0.566406 0.395597
0 0.628906 0.370739 0.633789 0.369318 0.638672 0.369318 0.640625 0.374290 0.640625 0.381392 0.640625 0.388494 0.638184 0.392045 0.633301 0.392045 0.628906 0.390625 0.628906 0.383523 0.628906 0.376420
0 0.597656 0.393466 0.604980 0.392045 0.609375 0.385653 0.610352 0.375000 0.617676 0.375000 0.621094 0.380682 0.621094 0.391335 0.614258 0.392045 0.611328 0.397727 0.618652 0.397727 0.621094 0.405540 0.620117 0.414773 0.612793 0.414773 0.605469 0.414773 0.598145 0.414773 0.597656 0.404119
0 0.628906 0.416193 0.633789 0.414773 0.638672 0.414773 0.643555 0.414773 0.644531 0.421165 0.644531 0.428267 0.642090 0.431818 0.637207 0.431818 0.632324 0.431818 0.628906 0.428977 0.628906 0.421875
0 0.621094 0.450284 0.629395 0.448864 0.636719 0.446023 0.644043 0.443182 0.648438 0.436080 0.648438 0.424006 0.651367 0.414773 0.659668 0.414773 0.664063 0.420455 0.663574 0.431818 0.660156 0.442472 0.660156 0.454545 0.652344 0.458807 0.648926 0.465909 0.642090 0.471591 0.633789 0.471591 0.625488 0.471591 0.621094 0.462358
0 0.589844 0.444602 0.596191 0.443182 0.597656 0.433949 0.603516 0.431818 0.609375 0.432528 0.609375 0.441761 0.607910 0.448864 0.601563 0.451705 0.601563 0.460938 0.598633 0.465909 0.592285 0.465909 0.589844 0.459517 0.589844 0.450284
0 0.558594 0.450284 0.563965 0.448864 0.569336 0.448864 0.574219 0.449574 0.574219 0.457386 0.574219 0.465199 0.570313 0.470170 0.565918 0.471591 0.560547 0.471591 0.558594 0.465909 0.558594 0.458097
0 0.449219 0.461648 0.453125 0.456676 0.458008 0.454545 0.463379 0.454545 0.464844 0.460227 0.464844 0.468040 0.464844 0.475852 0.460449 0.477273 0.455078 0.477273 0.449707 0.477273 0.449219 0.469460
0 0.660156 0.461648 0.664063 0.455966 0.669922 0.454545 0.675781 0.454545 0.679688 0.457386 0.679688 0.465909 0.677734 0.471591 0.675781 0.480824 0.671387 0.482955 0.665527 0.482955 0.660156 0.481534 0.660156 0.473011 0.660156 0.464489
0 0.625000 0.484375 0.630859 0.482955 0.636719 0.482955 0.640625 0.485795 0.640625 0.494318 0.638672 0.500000 0.636719 0.509233 0.632324 0.511364 0.626465 0.511364 0.621094 0.509943 0.621094 0.501420 0.623047 0.494318 0.625000 0.487216
0 0.652344 0.495739 0.658691 0.488636 0.666504 0.488636 0.667969 0.497869 0.667969 0.509233 0.667969 0.520597 0.667969 0.531960 0.661621 0.534091 0.656250 0.541193 0.651367 0.545455 0.644531 0.543324 0.644531 0.531960 0.644531 0.520597 0.650879 0.517045 0.655273 0.511364 0.652344 0.503551
0 0.601563 0.518466 0.606445 0.517045 0.611328 0.517045 0.613281 0.522017 0.613281 0.529119 0.611816 0.534091 0.606934 0.534091 0.602051 0.534091 0.601563 0.526989 0.601563 0.519886
0 0.628906 0.518466 0.633789 0.517045 0.638672 0.517045 0.640625 0.522017 0.640625 0.529119 0.640625 0.536222 0.638184 0.539773 0.633301 0.539773 0.628906 0.538352 0.628906 0.531250 0.628906 0.524148
0 0.582031 0.552557 0.587402 0.551136 0.592773 0.551136 0.597656 0.551847 0.597656 0.559659 0.597656 0.567472 0.596680 0.573864 0.591309 0.573864 0.585938 0.573153 0.582520 0.568182 0.582031 0.560369