0 0.593750 0.291193 0.598633 0.289773 0.603516 0.289773 0.608398 0.289773 0.609375 0.296165 0.609375 0.303267 0.606934 0.306818 0.602051 0.306818 0.597168 0.306818 0.593750 0.303977 0.593750 0.296875
0 0.640625 0.342330 0.645996 0.340909 0.651367 0.340909 0.654297 0.346591 0.656250 0.352273 0.656250 0.360085 0.653320 0.363636 0.647949 0.363636 0.644531 0.360085 0.640625 0.355114 0.640625 0.347301
0 0.695313 0.387784 0.700684 0.386364 0.706055 0.386364 0.708984 0.392045 0.710938 0.397727 0.710938 0.405540 0.708008 0.409091 0.702637 0.409091 0.697266 0.409091 0.695313 0.403409 0.695313 0.395597
0 0.675781 0.399148 0.680664 0.397727 0.685547 0.397727 0.687500 0.402699 0.687500 0.409801 0.686035 0.414773 0.681152 0.414773 0.676270 0.414773 0.675781 0.407670 0.675781 0.400568
0 0.695313 0.421875 0.701172 0.420455 0.707031 0.419034 0.710938 0.414773 0.716797 0.414773 0.718750 0.420455 0.718750 0.428977 0.714844 0.431818 0.710938 0.437500 0.705078 0.437500 0.699219 0.437500 0.695313 0.433949 0.695313 0.425426
0 0.722656 0.416193 0.728516 0.414773 0.733887 0.414773 0.737793 0.420455 0.738281 0.428977 0.738281 0.437500 0.736328 0.443182 0.730469 0.443182 0.726563 0.439631 0.722656 0.433949 0.722656 0.425426 0.722656 0.416903
0 0.640625 0.421875 0.645508 0.420455 0.650391 0.420455 0.652344 0.425426 0.652344 0.432528 0.652344 0.439631 0.649902 0.443182 0.645020 0.443182 0.640625 0.441761 0.640625 0.434659 0.640625 0.427557
0 0.582031 0.433239 0.586914 0.431818 0.591797 0.431818 0.593750 0.436790 0.593750 0.443892 0.592285 0.448864 0.587402 0.448864 0.582520 0.448864 0.582031 0.441761 0.582031 0.434659
0 0.621094 0.455966 0.625977 0.454545 0.630859 0.454545 0.632813 0.459517 0.632813 0.466619 0.631348 0.471591 0.626465 0.471591 0.621582 0.471591 0.621094 0.464489 0.621094 0.457386
0 0.699219 0.495739 0.704102 0.494318 0.708984 0.494318 0.713867 0.494318 0.714844 0.500710 0.714844 0.507813 0.712402 0.511364 0.707520 0.511364 0.702637 0.511364 0.699219 0.508523 0.699219 0.501420
0 0.636719 0.518466 0.640625 0.512784 0.646484 0.511364 0.651855 0.511364 0.652344 0.519886 0.652344 0.528409 0.652344 0.536932 0.648438 0.539773 0.642578 0.539773 0.636719 0.539063 0.636719 0.530540 0.636719 0.522017
0 0.558594 0.518466 0.563477 0.517045 0.568359 0.517045 0.570313 0.522017 0.570313 0.529119 0.570313 0.536222 0.567871 0.539773 0.562988 0.539773 0.558594 0.538352 0.558594 0.531250 0.558594 0.524148
0 0.613281 0.524148 0.618164 0.522727 0.623047 0.522727 0.625000 0.527699 0.625000 0.534801 0.625000 0.541903 0.622559 0.545455 0.617676 0.545455 0.613281 0.544034 0.613281 0.536932 0.613281 0.529830
0 0.660156 0.535511 0.665039 0.534091 0.669922 0.534091 0.671875 0.539063 0.671875 0.546165 0.670410 0.551136 0.665527 0.551136 0.660645 0.551136 0.660156 0.544034 0.660156 0.536932
0 0.593750 0.552557 0.598633 0.551136 0.603516 0.551136 0.605469 0.556108 0.605469 0.563210 0.604004 0.568182 0.599121 0.568182 0.594238 0.568182 0.593750 0.561080 0.593750 0.553977
0 0.660156 0.575284 0.666504 0.573864 0.667969 0.565341 0.673340 0.562500 0.679199 0.562500 0.679688 0.571733 0.678711 0.579545 0.671875 0.581676 0.671875 0.590909 0.669434 0.596591 0.663086 0.596591 0.660156 0.590909 0.660156 0.581676
0 0.640625 0.569602 0.647461 0.568182 0.652344 0.571023 0.652344 0.580966 0.652344 0.590909 0.649414 0.596591 0.644531 0.602983 0.644531 0.612926 0.638184 0.613636 0.632813 0.610795 0.632813 0.600852 0.633789 0.590909 0.640625 0.589489 0.640625 0.579545
0 0.687500 0.575284 0.695313 0.573864 0.702637 0.573864 0.703125 0.585227 0.703125 0.596591 0.704590 0.607955 0.710938 0.610795 0.710938 0.622159 0.707031 0.631392 0.706543 0.642045 0.698730 0.642045 0.695313 0.634943 0.695313 0.623580 0.695313 0.612216 0.691406 0.603693 0.690918 0.590909 0.687500 0.583807
0 0.707031 0.575284 0.712402 0.573864 0.717773 0.573864 0.720703 0.579545 0.722656 0.585227 0.722656 0.593040 0.719727 0.596591 0.714355 0.596591 0.710938 0.593040 0.707031 0.588068 0.707031 0.580256
0 0.601563 0.620739 0.607910 0.619318 0.614258 0.619318 0.617188 0.624290 0.617188 0.633523 0.623047 0.636364 0.625000 0.643466 0.625000 0.652699 0.619141 0.653409 0.612793 0.653409 0.609375 0.648438 0.605957 0.642045 0.601563 0.635653 0.601563 0.626420