0 0.695313 0.365057 0.700195 0.363636 0.705078 0.363636 0.707031 0.368608 0.707031 0.375710 0.707031 0.382813 0.704590 0.386364 0.699707 0.386364 0.695313 0.384943 0.695313 0.377841 0.695313 0.370739
0 0.675781 0.393466 0.681152 0.392045 0.686523 0.392045 0.687500 0.399148 0.687500 0.406960 0.687500 0.414773 0.686035 0.420455 0.680664 0.420455 0.675781 0.419034 0.675781 0.411222 0.675781 0.403409 0.675781 0.395597
0 0.695313 0.393466 0.702148 0.392045 0.707031 0.394886 0.707031 0.404830 0.712402 0.409091 0.718750 0.410511 0.718750 0.420455 0.718750 0.430398 0.712891 0.431818 0.707031 0.429688 0.705078 0.420455 0.698242 0.420455 0.695313 0.414063 0.695313 0.404119 0.695313 0.394176
0 0.648438 0.404830 0.652344 0.399148 0.658203 0.397727 0.663574 0.397727 0.667480 0.403409 0.667969 0.411932 0.667969 0.420455 0.662109 0.420455 0.656250 0.420455 0.650391 0.420455 0.648438 0.414063 0.648438 0.405540
0 0.664063 0.427557 0.669434 0.426136 0.674805 0.426136 0.679688 0.427557 0.679688 0.435369 0.679688 0.443182 0.678223 0.448864 0.672852 0.448864 0.667480 0.448864 0.664063 0.445313 0.664063 0.437500 0.664063 0.429688
0 0.683594 0.427557 0.688965 0.426136 0.694336 0.426136 0.695313 0.433239 0.695313 0.441051 0.695313 0.448864 0.693848 0.454545 0.688477 0.454545 0.683594 0.453125 0.683594 0.445313 0.683594 0.437500 0.683594 0.429688
0 0.652344 0.455966 0.657227 0.454545 0.662109 0.454545 0.666992 0.454545 0.667969 0.460938 0.667969 0.468040 0.665527 0.471591 0.660645 0.471591 0.655762 0.471591 0.652344 0.468750 0.652344 0.461648
0 0.675781 0.467330 0.683105 0.465909 0.690430 0.465909 0.695801 0.460938 0.703125 0.460227 0.707031 0.465199 0.707031 0.475852 0.707031 0.486506 0.701172 0.488636 0.695313 0.485795 0.691406 0.490767 0.687500 0.498580 0.681152 0.500000 0.675781 0.496449 0.675781 0.485795 0.675781 0.475142
0 0.652344 0.495739 0.658203 0.494318 0.663574 0.494318 0.667480 0.500000 0.667969 0.508523 0.667969 0.517045 0.666016 0.522727 0.660156 0.522727 0.656250 0.519176 0.652344 0.513494 0.652344 0.504972 0.652344 0.496449
0 0.667969 0.529830 0.674805 0.522727 0.683594 0.521307 0.690430 0.517045 0.699219 0.517045 0.703125 0.524148 0.703125 0.536932 0.696289 0.539773 0.687500 0.539773 0.688477 0.545455 0.695313 0.549006 0.699219 0.558949 0.696777 0.568182 0.687988 0.568182 0.683594 0.561080 0.680176 0.551136 0.671875 0.549716 0.667969 0.539773
0 0.636719 0.529830 0.642578 0.528409 0.647949 0.528409 0.651855 0.534091 0.652344 0.542614 0.652344 0.551136 0.650391 0.556818 0.644531 0.556818 0.638672 0.556818 0.636719 0.550426 0.636719 0.541903 0.636719 0.533381
0 0.683594 0.586648 0.688477 0.585227 0.693359 0.585227 0.695313 0.590199 0.695313 0.597301 0.695313 0.604403 0.692871 0.607955 0.687988 0.607955 0.683594 0.606534 0.683594 0.599432 0.683594 0.592330