0 0.535156 0.325284 0.541504 0.323864 0.542969 0.315341 0.544434 0.306818 0.550781 0.306818 0.554688 0.310369 0.554688 0.319602 0.550781 0.326705 0.550781 0.335938 0.550781 0.345170 0.545410 0.346591 0.539063 0.345881 0.535156 0.339489 0.535156 0.330256
0 0.570313 0.336648 0.576660 0.335227 0.582031 0.336648 0.583008 0.346591 0.589355 0.346591 0.593750 0.350142 0.593750 0.359375 0.593750 0.368608 0.587891 0.369318 0.581543 0.369318 0.578125 0.364347 0.578125 0.355114 0.572266 0.352273 0.570313 0.345170
0 0.628906 0.348011 0.633789 0.346591 0.638672 0.346591 0.640625 0.351563 0.640625 0.358665 0.640625 0.365767 0.638184 0.369318 0.633301 0.369318 0.628906 0.367898 0.628906 0.360795 0.628906 0.353693
0 0.632813 0.382102 0.638184 0.380682 0.643555 0.380682 0.648438 0.381392 0.648438 0.389205 0.648438 0.397017 0.644531 0.401989 0.640137 0.403409 0.634766 0.403409 0.632813 0.397727 0.632813 0.389915
0 0.671875 0.393466 0.676758 0.392045 0.681641 0.392045 0.686523 0.392045 0.687500 0.398438 0.687500 0.405540 0.685059 0.409091 0.680176 0.409091 0.675293 0.409091 0.671875 0.406250 0.671875 0.399148
0 0.660156 0.427557 0.665527 0.426136 0.670898 0.426136 0.673828 0.431818 0.675781 0.437500 0.675781 0.445313 0.672852 0.448864 0.667480 0.448864 0.662109 0.448864 0.660156 0.443182 0.660156 0.435369
0 0.597656 0.438920 0.603516 0.437500 0.609375 0.437500 0.613281 0.440341 0.613281 0.448864 0.611328 0.454545 0.609375 0.463778 0.608887 0.471591 0.603027 0.471591 0.597656 0.470170 0.597656 0.461648 0.597656 0.453125 0.597656 0.444602
0 0.667969 0.467330 0.673828 0.465909 0.679688 0.464489 0.683594 0.460227 0.689453 0.460227 0.691406 0.465909 0.691406 0.474432 0.687500 0.477273 0.681641 0.477273 0.677734 0.482955 0.671875 0.482955 0.667969 0.479403 0.667969 0.470881
0 0.613281 0.484375 0.618164 0.482955 0.623047 0.482955 0.625000 0.487926 0.625000 0.495028 0.623535 0.500000 0.618652 0.500000 0.613770 0.500000 0.613281 0.492898 0.613281 0.485795
0 0.617188 0.507102 0.623535 0.505682 0.628906 0.502841 0.630371 0.494318 0.636719 0.494318 0.640625 0.497869 0.640625 0.507102 0.640625 0.516335 0.634766 0.517045 0.628906 0.520597 0.624023 0.522727 0.617676 0.522727 0.617188 0.513494
0 0.671875 0.518466 0.678711 0.517045 0.683594 0.519886 0.687500 0.526989 0.687500 0.536932 0.693848 0.539773 0.699219 0.542614 0.699219 0.552557 0.695313 0.556818 0.688477 0.556818 0.687500 0.547585 0.684082 0.539773 0.677246 0.539773 0.671875 0.536932 0.671875 0.526989
0 0.617188 0.535511 0.622070 0.534091 0.626953 0.534091 0.628906 0.539063 0.628906 0.546165 0.628906 0.553267 0.626465 0.556818 0.621582 0.556818 0.617188 0.555398 0.617188 0.548295 0.617188 0.541193
0 0.652344 0.580966 0.657227 0.579545 0.662109 0.579545 0.664063 0.584517 0.664063 0.591619 0.662598 0.596591 0.657715 0.596591 0.652832 0.596591 0.652344 0.589489 0.652344 0.582386