0 0.667969 0.348011 0.673340 0.346591 0.678711 0.346591 0.683594 0.348011 0.683594 0.355824 0.683594 0.363636 0.682129 0.369318 0.676758 0.369318 0.671387 0.369318 0.667969 0.365767 0.667969 0.357955 0.667969 0.350142
0 0.675781 0.404830 0.681152 0.403409 0.686523 0.403409 0.689453 0.409091 0.691406 0.414773 0.691406 0.422585 0.687500 0.428267 0.684570 0.431818 0.679199 0.431818 0.675781 0.428267 0.675781 0.420455 0.675781 0.412642
0 0.714844 0.438920 0.721191 0.437500 0.726563 0.438920 0.727539 0.448864 0.733887 0.448864 0.734375 0.458097 0.734375 0.467330 0.730957 0.471591 0.724609 0.471591 0.718750 0.470170 0.718750 0.460938 0.715332 0.454545 0.714844 0.445313
0 0.621094 0.478693 0.628906 0.476563 0.628906 0.465909 0.632813 0.458097 0.634766 0.448864 0.642090 0.448864 0.644531 0.455966 0.644531 0.466619 0.640625 0.474432 0.639160 0.482955 0.632813 0.487926 0.632813 0.498580 0.626465 0.500000 0.621094 0.496449 0.621094 0.485795
0 0.601563 0.518466 0.606445 0.517045 0.611328 0.517045 0.616211 0.517045 0.617188 0.523438 0.617188 0.530540 0.614746 0.534091 0.609863 0.534091 0.604980 0.534091 0.601563 0.531250 0.601563 0.524148
0 0.667969 0.541193 0.672852 0.539773 0.677734 0.539773 0.679688 0.544744 0.679688 0.551847 0.679688 0.558949 0.677246 0.562500 0.672363 0.562500 0.667969 0.561080 0.667969 0.553977 0.667969 0.546875
0 0.703125 0.546875 0.708008 0.545455 0.712891 0.545455 0.714844 0.550426 0.714844 0.557528 0.713379 0.562500 0.708496 0.562500 0.703613 0.562500 0.703125 0.555398 0.703125 0.548295
0 0.531250 0.569602 0.538086 0.568182 0.542969 0.563920 0.542969 0.553977 0.548828 0.551136 0.554688 0.552557 0.554688 0.562500 0.554688 0.572443 0.548828 0.573864 0.546875 0.584517 0.544434 0.590909 0.537598 0.590909 0.531250 0.589489 0.531250 0.579545
0 0.628906 0.558239 0.634766 0.556818 0.640625 0.556818 0.644531 0.559659 0.644531 0.568182 0.644531 0.576705 0.640625 0.582386 0.636719 0.585227 0.630859 0.585227 0.628906 0.578835 0.628906 0.570313 0.628906 0.561790
0 0.656250 0.592330 0.662598 0.590909 0.664063 0.582386 0.665527 0.573864 0.671875 0.573864 0.675781 0.577415 0.675781 0.586648 0.672363 0.590909 0.667969 0.596591 0.667969 0.605824 0.666992 0.613636 0.660645 0.613636 0.656250 0.610085 0.656250 0.600852
0 0.406250 0.586648 0.413086 0.585227 0.419922 0.585227 0.426758 0.585227 0.429688 0.590909 0.429688 0.600852 0.423828 0.602273 0.421875 0.612216 0.419922 0.619318 0.413086 0.619318 0.406250 0.619318 0.402344 0.614347 0.402344 0.604403 0.406250 0.597301 0.406250 0.587358
0 0.597656 0.586648 0.604492 0.585227 0.611328 0.585227 0.613281 0.592330 0.618652 0.596591 0.625488 0.596591 0.628906 0.602273 0.628906 0.612216 0.625000 0.619318 0.618164 0.619318 0.613281 0.615767 0.613281 0.605824 0.607422 0.602273 0.600586 0.602273 0.597656 0.595881
0 0.636719 0.592330 0.641602 0.590909 0.646484 0.590909 0.648438 0.595881 0.648438 0.602983 0.646973 0.607955 0.642090 0.607955 0.637207 0.607955 0.636719 0.600852 0.636719 0.593750
0 0.695313 0.598011 0.702148 0.596591 0.707031 0.590909 0.713867 0.590909 0.720703 0.590909 0.726563 0.592330 0.726563 0.602273 0.723633 0.607955 0.716797 0.607955 0.709961 0.607955 0.707031 0.616477 0.702148 0.619318 0.695313 0.618608 0.695313 0.608665 0.695313 0.598722
0 0.430176 0.625710 0.436035 0.625000 0.437500 0.617188 0.441895 0.613636 0.447754 0.613636 0.449219 0.620028 0.449219 0.628551 0.444824 0.630682 0.441406 0.637074 0.438965 0.642045 0.433105 0.642045 0.429688 0.637784 0.429688 0.629261