0 0.539063 0.353693 0.544922 0.346591 0.550781 0.342330 0.554688 0.335227 0.562012 0.335227 0.562500 0.346591 0.558594 0.352273 0.554688 0.360795 0.558594 0.369318 0.558594 0.380682 0.554688 0.389915 0.552246 0.397727 0.544434 0.397727 0.542969 0.387784 0.542480 0.375000 0.539063 0.367898 0.539063 0.356534
0 0.636719 0.393466 0.642090 0.392045 0.647461 0.392045 0.652344 0.392756 0.652344 0.400568 0.652344 0.408381 0.648438 0.414063 0.643555 0.414773 0.638184 0.414773 0.636719 0.408381 0.636719 0.400568
0 0.679688 0.393466 0.686035 0.392045 0.692383 0.392045 0.698730 0.392045 0.703125 0.394886 0.703125 0.404119 0.700195 0.409091 0.695313 0.414773 0.692871 0.420455 0.686523 0.420455 0.682129 0.414773 0.679688 0.408381 0.679688 0.399148
0 0.539063 0.404830 0.544434 0.403409 0.549805 0.403409 0.554688 0.404830 0.554688 0.412642 0.554688 0.420455 0.553223 0.426136 0.547852 0.426136 0.542480 0.426136 0.539063 0.422585 0.539063 0.414773 0.539063 0.406960
0 0.570313 0.404830 0.575684 0.403409 0.581055 0.403409 0.585938 0.404830 0.585938 0.412642 0.585938 0.420455 0.584473 0.426136 0.579102 0.426136 0.573730 0.426136 0.570313 0.422585 0.570313 0.414773 0.570313 0.406960
0 0.656250 0.444602 0.661133 0.443182 0.666016 0.443182 0.667969 0.448153 0.667969 0.455256 0.666504 0.460227 0.661621 0.460227 0.656738 0.460227 0.656250 0.453125 0.656250 0.446023
0 0.703125 0.467330 0.708008 0.465909 0.712891 0.465909 0.714844 0.470881 0.714844 0.477983 0.714844 0.485085 0.712402 0.488636 0.707520 0.488636 0.703125 0.487216 0.703125 0.480114 0.703125 0.473011
0 0.683594 0.490057 0.689453 0.488636 0.695313 0.488636 0.699219 0.491477 0.699219 0.500000 0.699219 0.508523 0.699219 0.517045 0.693359 0.517045 0.687500 0.516335 0.683594 0.510653 0.683594 0.502131 0.683594 0.493608
0 0.617188 0.518466 0.622070 0.517045 0.626953 0.517045 0.628906 0.522017 0.628906 0.529119 0.628906 0.536222 0.626465 0.539773 0.621582 0.539773 0.617188 0.538352 0.617188 0.531250 0.617188 0.524148
0 0.632813 0.569602 0.641602 0.568182 0.650391 0.568182 0.659180 0.568182 0.665527 0.573864 0.671875 0.578125 0.673340 0.590909 0.682129 0.590909 0.683594 0.602273 0.682617 0.613636 0.673828 0.613636 0.665039 0.613636 0.660156 0.607244 0.657227 0.596591 0.650391 0.590909 0.641602 0.590909 0.632813 0.590199 0.632813 0.577415
0 0.687500 0.575284 0.691406 0.569602 0.697266 0.568182 0.702637 0.568182 0.706543 0.573864 0.707031 0.582386 0.707031 0.590909 0.703125 0.596591 0.697266 0.596591 0.691406 0.595881 0.687500 0.590199 0.687500 0.581676
0 0.468750 0.598011 0.473633 0.596591 0.478516 0.596591 0.480469 0.601563 0.480469 0.608665 0.479004 0.613636 0.474121 0.613636 0.469238 0.613636 0.468750 0.606534 0.468750 0.599432
0 0.714844 0.598011 0.719727 0.596591 0.724609 0.596591 0.726563 0.601563 0.726563 0.608665 0.725098 0.613636 0.720215 0.613636 0.715332 0.613636 0.714844 0.606534 0.714844 0.599432
0 0.449219 0.649148 0.454590 0.647727 0.459961 0.647727 0.465332 0.647727 0.468750 0.651278 0.468750 0.659091 0.467285 0.664773 0.461914 0.664773 0.456543 0.664773 0.451172 0.664773 0.449219 0.659091 0.449219 0.651278
0 0.488281 0.649148 0.495117 0.647727 0.501953 0.647727 0.506348 0.653409 0.507813 0.661932 0.514160 0.664773 0.515625 0.673295 0.514648 0.681818 0.507813 0.681818 0.503906 0.676847 0.500000 0.670455 0.493164 0.670455 0.488281 0.664063 0.488281 0.654119