0 0.554688 0.313920 0.563965 0.312500 0.571289 0.318182 0.578613 0.313210 0.587891 0.312500 0.590820 0.323864 0.597656 0.328125 0.597168 0.340909 0.587891 0.340909 0.582031 0.349432 0.590820 0.352273 0.597656 0.356534 0.597168 0.369318 0.587891 0.369318 0.582031 0.363636 0.575195 0.357955 0.570313 0.350852 0.570313 0.337358 0.562988 0.329545 0.554688 0.327415
0 0.617188 0.319602 0.622070 0.318182 0.626953 0.318182 0.628906 0.323153 0.628906 0.330256 0.627441 0.335227 0.622559 0.335227 0.617676 0.335227 0.617188 0.328125 0.617188 0.321023
0 0.609375 0.342330 0.615723 0.340909 0.622070 0.340909 0.625977 0.346591 0.632324 0.346591 0.636719 0.350142 0.636719 0.359375 0.633301 0.363636 0.626953 0.363636 0.620605 0.363636 0.614258 0.363636 0.609375 0.360795 0.609375 0.351563
0 0.550781 0.348011 0.556152 0.346591 0.561523 0.346591 0.564453 0.352273 0.566406 0.357955 0.566406 0.365767 0.563477 0.369318 0.558105 0.369318 0.552734 0.369318 0.550781 0.363636 0.550781 0.355824
0 0.660156 0.393466 0.667480 0.392045 0.672363 0.397727 0.675781 0.404119 0.681152 0.409091 0.687500 0.411222 0.689941 0.420455 0.691406 0.429688 0.689453 0.437500 0.682129 0.437500 0.674805 0.437500 0.667969 0.436080 0.664063 0.428267 0.664063 0.417614 0.660156 0.409801 0.660156 0.399148
0 0.640625 0.404830 0.645508 0.403409 0.650391 0.403409 0.652344 0.408381 0.652344 0.415483 0.650879 0.420455 0.645996 0.420455 0.641113 0.420455 0.640625 0.413352 0.640625 0.406250
0 0.699219 0.404830 0.704102 0.403409 0.708984 0.403409 0.710938 0.408381 0.710938 0.415483 0.709473 0.420455 0.704590 0.420455 0.699707 0.420455 0.699219 0.413352 0.699219 0.406250
0 0.703125 0.444602 0.708984 0.443182 0.714355 0.443182 0.714844 0.451705 0.718750 0.457386 0.718750 0.465909 0.718750 0.474432 0.714844 0.477273 0.708984 0.477273 0.705078 0.471591 0.703125 0.465199 0.703125 0.456676 0.703125 0.448153
0 0.671875 0.455966 0.675781 0.450284 0.681152 0.448864 0.686523 0.448864 0.691406 0.449574 0.691406 0.457386 0.691406 0.465199 0.686523 0.465909 0.683105 0.471591 0.677734 0.471591 0.672363 0.471591 0.671875 0.463778
0 0.710938 0.484375 0.715820 0.482955 0.720703 0.482955 0.722656 0.487926 0.722656 0.495028 0.721191 0.500000 0.716309 0.500000 0.711426 0.500000 0.710938 0.492898 0.710938 0.485795
0 0.632813 0.575284 0.644531 0.580256 0.652344 0.575284 0.653809 0.568182 0.648438 0.552557 0.660156 0.557528 0.670410 0.568182 0.672852 0.562500 0.668457 0.546165 0.679688 0.536932 0.682617 0.517045 0.695313 0.524148 0.694336 0.545455 0.679688 0.549006 0.691406 0.557528 0.687012 0.573864 0.689941 0.579545 0.703125 0.583807 0.696289 0.596591 0.686523 0.607955 0.679688 0.622869 0.687500 0.637074 0.679199 0.647727 0.673340 0.630682 0.657715 0.630682 0.660156 0.613636 0.673828 0.607955 0.670898 0.602273 0.664063 0.587358 0.656250 0.602273 0.644531 0.607244 0.638672 0.590909 0.632813 0.575994
0 0.597656 0.558239 0.602539 0.556818 0.607422 0.556818 0.609375 0.561790 0.609375 0.568892 0.607910 0.573864 0.603027 0.573864 0.598145 0.573864 0.597656 0.566761 0.597656 0.559659
0 0.652344 0.637784 0.657715 0.636364 0.663086 0.636364 0.667969 0.637074 0.667969 0.644886 0.667969 0.652699 0.664063 0.657670 0.659668 0.659091 0.654297 0.659091 0.652344 0.653409 0.652344 0.645597