0 0.687500 0.427557 0.693359 0.426136 0.699219 0.426136 0.703125 0.428977 0.703125 0.437500 0.703125 0.446023 0.699219 0.452415 0.694824 0.454545 0.688965 0.454545 0.687500 0.447443 0.687500 0.438920 0.687500 0.430398
0 0.613281 0.478693 0.619141 0.477273 0.625000 0.477273 0.628906 0.480824 0.628906 0.489347 0.628906 0.497869 0.628418 0.505682 0.622559 0.505682 0.616699 0.505682 0.613281 0.501420 0.613281 0.492898 0.613281 0.484375
0 0.675781 0.484375 0.681152 0.482955 0.686523 0.482955 0.691406 0.484375 0.691406 0.492188 0.691406 0.500000 0.689941 0.505682 0.684570 0.505682 0.679199 0.505682 0.675781 0.502131 0.675781 0.494318 0.675781 0.486506
0 0.675781 0.512784 0.681152 0.511364 0.686523 0.511364 0.691406 0.512784 0.691406 0.520597 0.691406 0.528409 0.689941 0.534091 0.684570 0.534091 0.679199 0.534091 0.675781 0.530540 0.675781 0.522727 0.675781 0.514915
0 0.621094 0.529830 0.627441 0.528409 0.632813 0.529830 0.637695 0.534091 0.644043 0.534091 0.644531 0.543324 0.644531 0.552557 0.644531 0.561790 0.638672 0.562500 0.632813 0.561080 0.627930 0.556818 0.621582 0.556818 0.621094 0.547585 0.621094 0.538352
0 0.496094 0.535511 0.501953 0.534091 0.507813 0.534091 0.513672 0.534091 0.515625 0.539773 0.515625 0.548295 0.515625 0.556818 0.511719 0.562500 0.505859 0.562500 0.500000 0.562500 0.496094 0.558949 0.496094 0.550426 0.496094 0.541903
0 0.613281 0.569602 0.617188 0.564631 0.622070 0.562500 0.627441 0.562500 0.628906 0.568182 0.628906 0.575994 0.628906 0.583807 0.624512 0.585227 0.619141 0.585227 0.613770 0.585227 0.613281 0.577415
0 0.566406 0.575284 0.572754 0.573864 0.579102 0.573864 0.582031 0.578835 0.585449 0.585227 0.585938 0.594460 0.585938 0.603693 0.582520 0.607955 0.576172 0.607955 0.574219 0.600852 0.570313 0.594460 0.566406 0.588068 0.566406 0.578835
0 0.593750 0.575284 0.598633 0.573864 0.603516 0.573864 0.605469 0.578835 0.605469 0.585938 0.605469 0.593040 0.603027 0.596591 0.598145 0.596591 0.593750 0.595170 0.593750 0.588068 0.593750 0.580966
0 0.648438 0.575284 0.656250 0.573864 0.664063 0.573864 0.671387 0.573864 0.671875 0.585227 0.673340 0.596591 0.681152 0.596591 0.687500 0.599432 0.687500 0.610795 0.685547 0.619318 0.677734 0.619318 0.671875 0.613636 0.667969 0.607244 0.662109 0.602273 0.660156 0.593040 0.652344 0.590909 0.648438 0.584517
0 0.503906 0.580966 0.509277 0.579545 0.514648 0.579545 0.515625 0.586648 0.515625 0.594460 0.515625 0.602273 0.514160 0.607955 0.508789 0.607955 0.503906 0.606534 0.503906 0.598722 0.503906 0.590909 0.503906 0.583097
0 0.597656 0.603693 0.602539 0.602273 0.607422 0.602273 0.609375 0.607244 0.609375 0.614347 0.609375 0.621449 0.606934 0.625000 0.602051 0.625000 0.597656 0.623580 0.597656 0.616477 0.597656 0.609375
0 0.628906 0.626420 0.634277 0.625000 0.639648 0.625000 0.640625 0.632102 0.640625 0.639915 0.640625 0.647727 0.639160 0.653409 0.633789 0.653409 0.628906 0.651989 0.628906 0.644176 0.628906 0.636364 0.628906 0.628551