0 0.601563 0.353693 0.606445 0.352273 0.611328 0.352273 0.613281 0.357244 0.613281 0.364347 0.611816 0.369318 0.606934 0.369318 0.602051 0.369318 0.601563 0.362216 0.601563 0.355114
0 0.636719 0.353693 0.643066 0.352273 0.648438 0.353693 0.652344 0.360085 0.653809 0.369318 0.660156 0.370028 0.660156 0.379261 0.658691 0.386364 0.652344 0.386364 0.648438 0.382102 0.645508 0.375000 0.639160 0.375000 0.636719 0.368608 0.636719 0.359375
0 0.570313 0.365057 0.575195 0.363636 0.580078 0.363636 0.582031 0.368608 0.582031 0.375710 0.582031 0.382813 0.579590 0.386364 0.574707 0.386364 0.570313 0.384943 0.570313 0.377841 0.570313 0.370739
0 0.539063 0.416193 0.546387 0.414773 0.553711 0.414773 0.559082 0.409801 0.566406 0.409091 0.570313 0.414063 0.574219 0.421875 0.574219 0.432528 0.570313 0.441051 0.564453 0.443182 0.558594 0.440341 0.554688 0.433949 0.549805 0.437500 0.542969 0.436080 0.539063 0.428267 0.539063 0.417614
0 0.585938 0.416193 0.592773 0.414773 0.597656 0.410511 0.604492 0.409091 0.611328 0.409091 0.617188 0.410511 0.617188 0.420455 0.614258 0.426136 0.607422 0.426136 0.601563 0.430398 0.599609 0.437500 0.592773 0.437500 0.585938 0.436790 0.585938 0.426847 0.585938 0.416903
0 0.648438 0.433239 0.658203 0.431818 0.666016 0.426136 0.675293 0.426136 0.675781 0.440341 0.683105 0.437500 0.691406 0.440341 0.691406 0.454545 0.698242 0.460227 0.703125 0.468040 0.699707 0.477273 0.691406 0.474432 0.689453 0.460227 0.679688 0.460227 0.675781 0.450994 0.669434 0.443182 0.664063 0.452415 0.655762 0.454545 0.648438 0.450284 0.648438 0.436080
0 0.589844 0.444602 0.601563 0.443182 0.612793 0.443182 0.622559 0.448864 0.628418 0.460227 0.640137 0.460227 0.640625 0.477273 0.649902 0.482955 0.652344 0.497159 0.642578 0.500000 0.636719 0.490767 0.628906 0.482955 0.623047 0.471591 0.621094 0.488636 0.617188 0.503551 0.610840 0.511364 0.599121 0.511364 0.589844 0.504261 0.591797 0.488636 0.603516 0.488636 0.605469 0.473011 0.603027 0.465909 0.591309 0.465909 0.589844 0.450284
0 0.660156 0.490057 0.671875 0.489347 0.675781 0.495739 0.683594 0.488636 0.692871 0.494318 0.695313 0.508523 0.695313 0.525568 0.702637 0.534091 0.707031 0.545455 0.703125 0.556818 0.691406 0.556108 0.691406 0.539063 0.683594 0.539773 0.687500 0.553977 0.691406 0.568182 0.687500 0.579545 0.675781 0.578835 0.666016 0.573864 0.660156 0.561790 0.661621 0.545455 0.671875 0.541903 0.667969 0.527699 0.666016 0.511364 0.660156 0.502131
0 0.589844 0.518466 0.596191 0.517045 0.602539 0.517045 0.608887 0.517045 0.615234 0.517045 0.619141 0.522727 0.621094 0.529830 0.621094 0.539063 0.615234 0.539773 0.608887 0.539773 0.604492 0.534091 0.598145 0.534091 0.591797 0.534091 0.589844 0.526989
0 0.628906 0.546875 0.633789 0.545455 0.638672 0.545455 0.640625 0.550426 0.640625 0.557528 0.639160 0.562500 0.634277 0.562500 0.629395 0.562500 0.628906 0.555398 0.628906 0.548295
0 0.636719 0.575284 0.642090 0.573864 0.647461 0.573864 0.652344 0.574574 0.652344 0.582386 0.652344 0.590199 0.651367 0.596591 0.645996 0.596591 0.640625 0.595881 0.637207 0.590909 0.636719 0.583097
0 0.660156 0.580966 0.665039 0.579545 0.669922 0.579545 0.671875 0.584517 0.671875 0.591619 0.671875 0.598722 0.669434 0.602273 0.664551 0.602273 0.660156 0.600852 0.660156 0.593750 0.660156 0.586648
0 0.617188 0.603693 0.622559 0.602273 0.627930 0.602273 0.628906 0.609375 0.628906 0.617188 0.628906 0.625000 0.627441 0.630682 0.622070 0.630682 0.617188 0.629261 0.617188 0.621449 0.617188 0.613636 0.617188 0.605824
0 0.636719 0.620739 0.643066 0.619318 0.648438 0.620739 0.653320 0.625000 0.659668 0.625000 0.664063 0.628551 0.664063 0.637784 0.660645 0.642045 0.654297 0.642045 0.647949 0.642045 0.641602 0.642045 0.636719 0.639205 0.636719 0.629972