0 0.597656 0.285511 0.604004 0.284091 0.609375 0.285511 0.610352 0.295455 0.616699 0.295455 0.621094 0.299006 0.621094 0.308239 0.621094 0.317472 0.615234 0.318182 0.608887 0.318182 0.605469 0.313210 0.602051 0.306818 0.597656 0.303267 0.597656 0.294034
0 0.601563 0.387784 0.607422 0.386364 0.613281 0.386364 0.617188 0.389205 0.617188 0.397727 0.617188 0.406250 0.613281 0.412642 0.608887 0.414773 0.603027 0.414773 0.601563 0.407670 0.601563 0.399148 0.601563 0.390625
0 0.656250 0.399148 0.661133 0.397727 0.666016 0.397727 0.667969 0.402699 0.667969 0.409801 0.667969 0.416903 0.665527 0.420455 0.660645 0.420455 0.656250 0.419034 0.656250 0.411932 0.656250 0.404830
0 0.640625 0.410511 0.645508 0.409091 0.650391 0.409091 0.652344 0.414063 0.652344 0.421165 0.650879 0.426136 0.645996 0.426136 0.641113 0.426136 0.640625 0.419034 0.640625 0.411932
0 0.656250 0.467330 0.660156 0.462358 0.665039 0.460227 0.670410 0.460227 0.671875 0.465909 0.671875 0.473722 0.671875 0.481534 0.667480 0.482955 0.662109 0.482955 0.656738 0.482955 0.656250 0.475142
0 0.687500 0.490057 0.692383 0.488636 0.697266 0.488636 0.699219 0.493608 0.699219 0.500710 0.697754 0.505682 0.692871 0.505682 0.687988 0.505682 0.687500 0.498580 0.687500 0.491477
0 0.703125 0.507102 0.708008 0.505682 0.712891 0.505682 0.717773 0.505682 0.718750 0.512074 0.718750 0.519176 0.716309 0.522727 0.711426 0.522727 0.706543 0.522727 0.703125 0.519886 0.703125 0.512784
0 0.605469 0.529830 0.611816 0.522727 0.614258 0.511364 0.622559 0.511364 0.628418 0.517045 0.628906 0.529119 0.627930 0.539773 0.621094 0.545455 0.616699 0.551136 0.609375 0.556108 0.609375 0.568182 0.604980 0.573864 0.597656 0.571733 0.597656 0.559659 0.601074 0.551136 0.605469 0.544034 0.605469 0.531960
0 0.640625 0.529830 0.645508 0.528409 0.650391 0.528409 0.652344 0.533381 0.652344 0.540483 0.652344 0.547585 0.649902 0.551136 0.645020 0.551136 0.640625 0.549716 0.640625 0.542614 0.640625 0.535511
0 0.554688 0.546875 0.559570 0.545455 0.564453 0.545455 0.566406 0.550426 0.566406 0.557528 0.566406 0.564631 0.563965 0.568182 0.559082 0.568182 0.554688 0.566761 0.554688 0.559659 0.554688 0.552557
0 0.574219 0.569602 0.579590 0.568182 0.584961 0.568182 0.590332 0.568182 0.593750 0.571733 0.593750 0.579545 0.592285 0.585227 0.586914 0.585227 0.581543 0.585227 0.576172 0.585227 0.574219 0.579545 0.574219 0.571733
0 0.515625 0.615057 0.523438 0.605824 0.532227 0.596591 0.539063 0.605114 0.536621 0.619318 0.531250 0.632102 0.542969 0.635653 0.542969 0.617898 0.553223 0.613636 0.561035 0.607955 0.554688 0.598722 0.558594 0.583807 0.568848 0.579545 0.574219 0.592330 0.574219 0.610085 0.572266 0.625000 0.562012 0.630682 0.555176 0.642045 0.544922 0.636364 0.542480 0.653409 0.530273 0.653409 0.518066 0.653409 0.507813 0.649858 0.511719 0.636364 0.515625 0.622869
0 0.632813 0.609375 0.640137 0.607955 0.644531 0.602273 0.648926 0.596591 0.655762 0.596591 0.661133 0.602273 0.668457 0.602273 0.671875 0.608665 0.671875 0.619318 0.668457 0.625000 0.661133 0.625000 0.655762 0.619318 0.648438 0.622869 0.642578 0.625000 0.635254 0.625000 0.632813 0.617188
0 0.609375 0.620739 0.613281 0.615767 0.618164 0.613636 0.623535 0.613636 0.625000 0.619318 0.625000 0.627131 0.625000 0.634943 0.620605 0.636364 0.615234 0.636364 0.609863 0.636364 0.609375 0.628551
0 0.675781 0.654830 0.682129 0.653409 0.686523 0.647727 0.692871 0.647727 0.699219 0.647727 0.703125 0.651278 0.703125 0.660511 0.699707 0.664773 0.693359 0.664773 0.687500 0.669034 0.682129 0.670455 0.675781 0.669744 0.675781 0.660511