0 0.566406 0.291193 0.571777 0.289773 0.577148 0.289773 0.582031 0.290483 0.582031 0.298295 0.582031 0.306108 0.581055 0.312500 0.575684 0.312500 0.570313 0.311790 0.566895 0.306818 0.566406 0.299006
0 0.664063 0.325284 0.669434 0.323864 0.674805 0.323864 0.679688 0.325284 0.679688 0.333097 0.679688 0.340909 0.678223 0.346591 0.672852 0.346591 0.667480 0.346591 0.664063 0.343040 0.664063 0.335227 0.664063 0.327415
0 0.566406 0.359375 0.571289 0.357955 0.576172 0.357955 0.578125 0.362926 0.578125 0.370028 0.576660 0.375000 0.571777 0.375000 0.566895 0.375000 0.566406 0.367898 0.566406 0.360795
0 0.644531 0.376420 0.649414 0.375000 0.654297 0.375000 0.656250 0.379972 0.656250 0.387074 0.654785 0.392045 0.649902 0.392045 0.645020 0.392045 0.644531 0.384943 0.644531 0.377841
0 0.519531 0.393466 0.525879 0.392045 0.531250 0.393466 0.532227 0.403409 0.538574 0.403409 0.539063 0.412642 0.539063 0.421875 0.535645 0.426136 0.529297 0.426136 0.527344 0.419034 0.522461 0.414773 0.519531 0.409091 0.519531 0.399858
0 0.683594 0.410511 0.688477 0.409091 0.693359 0.409091 0.695313 0.414063 0.695313 0.421165 0.693848 0.426136 0.688965 0.426136 0.684082 0.426136 0.683594 0.419034 0.683594 0.411932
0 0.542969 0.416193 0.547852 0.414773 0.552734 0.414773 0.554688 0.419744 0.554688 0.426847 0.554688 0.433949 0.552246 0.437500 0.547363 0.437500 0.542969 0.436080 0.542969 0.428977 0.542969 0.421875
0 0.531250 0.450284 0.535156 0.445313 0.540039 0.443182 0.545410 0.443182 0.546875 0.448864 0.546875 0.456676 0.546875 0.464489 0.542480 0.465909 0.537109 0.465909 0.531738 0.465909 0.531250 0.458097
0 0.691406 0.455966 0.695313 0.450994 0.700195 0.448864 0.705566 0.448864 0.710449 0.448864 0.710938 0.456676 0.710938 0.464489 0.707031 0.470170 0.702637 0.471591 0.697266 0.471591 0.691895 0.471591 0.691406 0.463778
0 0.656250 0.501420 0.664063 0.490057 0.673828 0.482955 0.679688 0.494318 0.686523 0.505682 0.695313 0.497159 0.704102 0.488636 0.717773 0.488636 0.730469 0.490767 0.730469 0.510653 0.717285 0.511364 0.703613 0.511364 0.695313 0.522727 0.695313 0.542614 0.704590 0.551136 0.710938 0.562500 0.707031 0.580256 0.696777 0.585227 0.695313 0.566761 0.690430 0.551136 0.687500 0.570313 0.680176 0.579545 0.675781 0.565341 0.680664 0.551136 0.683594 0.534091 0.679688 0.517045 0.671875 0.509233 0.663574 0.517045 0.656250 0.507102
0 0.703125 0.518466 0.708008 0.517045 0.712891 0.517045 0.714844 0.522017 0.714844 0.529119 0.713379 0.534091 0.708496 0.534091 0.703613 0.534091 0.703125 0.526989 0.703125 0.519886
0 0.632813 0.546875 0.638672 0.545455 0.640625 0.538352 0.644531 0.534091 0.650391 0.534091 0.652344 0.539773 0.652344 0.548295 0.648438 0.551136 0.644531 0.557528 0.642090 0.562500 0.636230 0.562500 0.632813 0.558239 0.632813 0.549716
0 0.535156 0.575284 0.541992 0.568182 0.550781 0.568182 0.558594 0.565341 0.558594 0.552557 0.567383 0.551136 0.574219 0.553977 0.574219 0.566761 0.570313 0.573864 0.561523 0.573864 0.558594 0.585938 0.557129 0.596591 0.549805 0.602273 0.546875 0.613636 0.539551 0.619318 0.531250 0.617898 0.527832 0.607955 0.527344 0.595170 0.532227 0.585227
0 0.660156 0.552557 0.665039 0.551136 0.669922 0.551136 0.671875 0.556108 0.671875 0.563210 0.670410 0.568182 0.665527 0.568182 0.660645 0.568182 0.660156 0.561080 0.660156 0.553977
0 0.601563 0.580966 0.607910 0.579545 0.613281 0.581676 0.613281 0.590909 0.613281 0.600142 0.613281 0.609375 0.613281 0.618608 0.611328 0.625000 0.604980 0.625000 0.601563 0.620028 0.601563 0.610795 0.601563 0.601563 0.601563 0.592330 0.601563 0.583097
0 0.621094 0.609375 0.627930 0.607955 0.632813 0.603693 0.632813 0.593750 0.634766 0.585227 0.641602 0.585227 0.647949 0.585227 0.648438 0.595170 0.646484 0.602273 0.644531 0.612216 0.638672 0.613636 0.632813 0.618608 0.630371 0.625000 0.623535 0.625000 0.621094 0.617898
0 0.664063 0.637784 0.671875 0.632813 0.676758 0.625000 0.683594 0.629261 0.689453 0.636364 0.691406 0.623580 0.694824 0.613636 0.704102 0.613636 0.710938 0.620028 0.710938 0.633523 0.703613 0.636364 0.694336 0.636364 0.691406 0.648438 0.689453 0.659091 0.680176 0.659091 0.679688 0.645597 0.675781 0.651278 0.667969 0.653409 0.664063 0.644886
0 0.582031 0.620739 0.591797 0.619318 0.597656 0.625000 0.601563 0.636364 0.605469 0.647727 0.613281 0.652699 0.616699 0.642045 0.626465 0.642045 0.632813 0.647727 0.630859 0.659091 0.623047 0.664773 0.620605 0.670455 0.625000 0.678977 0.621094 0.687500 0.613281 0.683949 0.607422 0.676136 0.597656 0.675426 0.593750 0.664063 0.589844 0.652699 0.585938 0.641335 0.582031 0.629972
0 0.632813 0.666193 0.638672 0.664773 0.644531 0.665483 0.644531 0.674006 0.644531 0.682528 0.644531 0.691051 0.644043 0.698864 0.638184 0.698864 0.632813 0.697443 0.632813 0.688920 0.632813 0.680398 0.632813 0.671875
0 0.562500 0.688920 0.567383 0.687500 0.572266 0.687500 0.577148 0.687500 0.578125 0.693892 0.578125 0.700994 0.575684 0.704545 0.570801 0.704545 0.565918 0.704545 0.562500 0.701705 0.562500 0.694602