0 0.542969 0.257102 0.548340 0.255682 0.553711 0.255682 0.558594 0.257102 0.558594 0.264915 0.558594 0.272727 0.557129 0.278409 0.551758 0.278409 0.546387 0.278409 0.542969 0.274858 0.542969 0.267045 0.542969 0.259233
0 0.566406 0.313920 0.571289 0.312500 0.576172 0.312500 0.581055 0.312500 0.582031 0.318892 0.582031 0.325994 0.579590 0.329545 0.574707 0.329545 0.569824 0.329545 0.566406 0.326705 0.566406 0.319602
0 0.664063 0.313920 0.668945 0.312500 0.673828 0.312500 0.675781 0.317472 0.675781 0.324574 0.675781 0.331676 0.673340 0.335227 0.668457 0.335227 0.664063 0.333807 0.664063 0.326705 0.664063 0.319602
0 0.550781 0.319602 0.555664 0.318182 0.560547 0.318182 0.562500 0.323153 0.562500 0.330256 0.562500 0.337358 0.560059 0.340909 0.555176 0.340909 0.550781 0.339489 0.550781 0.332386 0.550781 0.325284
0 0.605469 0.325284 0.610352 0.323864 0.615234 0.323864 0.617188 0.328835 0.617188 0.335938 0.617188 0.343040 0.614746 0.346591 0.609863 0.346591 0.605469 0.345170 0.605469 0.338068 0.605469 0.330966
0 0.664063 0.370739 0.670898 0.369318 0.675781 0.365057 0.678711 0.357955 0.685547 0.357955 0.687500 0.365057 0.687500 0.375000 0.691406 0.382102 0.691406 0.392045 0.688477 0.397727 0.681641 0.397727 0.679688 0.389915 0.673828 0.386364 0.666992 0.386364 0.664063 0.379972
0 0.640625 0.365057 0.646484 0.363636 0.652344 0.363636 0.656250 0.366477 0.656250 0.375000 0.654297 0.380682 0.652344 0.389915 0.647949 0.392045 0.642090 0.392045 0.640625 0.384943 0.640625 0.376420 0.640625 0.367898
0 0.578125 0.393466 0.583984 0.392045 0.589355 0.392045 0.593262 0.397727 0.593750 0.406250 0.593750 0.414773 0.591797 0.420455 0.585938 0.420455 0.580078 0.420455 0.578125 0.414063 0.578125 0.405540 0.578125 0.397017
0 0.691406 0.421875 0.697266 0.420455 0.703125 0.420455 0.707031 0.423295 0.707031 0.431818 0.707031 0.440341 0.707031 0.448864 0.705078 0.454545 0.699219 0.454545 0.695313 0.450994 0.691406 0.445313 0.691406 0.436790 0.691406 0.428267
0 0.664063 0.467330 0.667969 0.461648 0.673828 0.460227 0.679199 0.460227 0.679688 0.468750 0.679688 0.477273 0.679688 0.485795 0.675781 0.488636 0.669922 0.488636 0.664063 0.487926 0.664063 0.479403 0.664063 0.470881
0 0.644531 0.512784 0.651367 0.511364 0.656250 0.507102 0.656250 0.497159 0.662109 0.494318 0.667969 0.495739 0.667969 0.505682 0.667969 0.515625 0.662109 0.517045 0.660156 0.527699 0.657715 0.534091 0.650879 0.534091 0.644531 0.532670 0.644531 0.522727
0 0.628906 0.529830 0.634277 0.528409 0.639648 0.528409 0.640625 0.535511 0.640625 0.543324 0.640625 0.551136 0.639160 0.556818 0.633789 0.556818 0.628906 0.555398 0.628906 0.547585 0.628906 0.539773 0.628906 0.531960
0 0.675781 0.552557 0.681152 0.551136 0.686523 0.551136 0.691406 0.551847 0.691406 0.559659 0.691406 0.567472 0.687500 0.573153 0.682617 0.573864 0.677246 0.573864 0.675781 0.567472 0.675781 0.559659
0 0.609375 0.598011 0.616699 0.596591 0.624023 0.596591 0.625488 0.585938 0.630859 0.579545 0.638184 0.579545 0.640625 0.586648 0.640625 0.597301 0.636719 0.602273 0.629395 0.602273 0.625000 0.610085 0.624023 0.619318 0.618164 0.625000 0.610840 0.625000 0.609375 0.615767 0.609375 0.605114