0 0.566406 0.279830 0.571777 0.278409 0.577148 0.278409 0.578125 0.285511 0.578125 0.293324 0.578125 0.301136 0.576660 0.306818 0.571289 0.306818 0.566406 0.305398 0.566406 0.297585 0.566406 0.289773 0.566406 0.281960
0 0.546875 0.291193 0.550781 0.285511 0.556641 0.284091 0.562012 0.284091 0.562500 0.292614 0.562500 0.301136 0.562500 0.309659 0.558594 0.312500 0.552734 0.312500 0.548828 0.306818 0.546875 0.300426 0.546875 0.291903
0 0.625000 0.291193 0.629883 0.289773 0.634766 0.289773 0.636719 0.294744 0.636719 0.301847 0.635254 0.306818 0.630371 0.306818 0.625488 0.306818 0.625000 0.299716 0.625000 0.292614
0 0.640625 0.319602 0.644531 0.314631 0.649414 0.312500 0.654785 0.312500 0.656250 0.318182 0.656250 0.325994 0.656250 0.333807 0.651855 0.335227 0.646484 0.335227 0.641113 0.335227 0.640625 0.327415
0 0.652344 0.348011 0.657227 0.346591 0.662109 0.346591 0.664063 0.351563 0.664063 0.358665 0.664063 0.365767 0.661621 0.369318 0.656738 0.369318 0.652344 0.367898 0.652344 0.360795 0.652344 0.353693
0 0.667969 0.370739 0.672852 0.369318 0.677734 0.369318 0.682617 0.369318 0.683594 0.375710 0.683594 0.382813 0.681152 0.386364 0.676270 0.386364 0.671387 0.386364 0.667969 0.383523 0.667969 0.376420
0 0.691406 0.370739 0.696289 0.369318 0.701172 0.369318 0.706055 0.369318 0.707031 0.375710 0.707031 0.382813 0.704590 0.386364 0.699707 0.386364 0.694824 0.386364 0.691406 0.383523 0.691406 0.376420
0 0.539063 0.387784 0.544434 0.386364 0.549805 0.386364 0.554688 0.387074 0.554688 0.394886 0.554688 0.402699 0.550781 0.408381 0.545898 0.409091 0.540527 0.409091 0.539063 0.402699 0.539063 0.394886
0 0.566406 0.387784 0.573242 0.386364 0.580078 0.386364 0.586914 0.386364 0.593750 0.386364 0.600586 0.386364 0.601563 0.394886 0.601563 0.404830 0.597656 0.409091 0.590820 0.409091 0.585938 0.403409 0.579102 0.403409 0.572266 0.403409 0.566406 0.401278 0.566406 0.391335
0 0.667969 0.393466 0.673340 0.392045 0.678711 0.392045 0.683594 0.393466 0.683594 0.401278 0.683594 0.409091 0.682129 0.414773 0.676758 0.414773 0.671387 0.414773 0.667969 0.411222 0.667969 0.403409 0.667969 0.395597
0 0.683594 0.433239 0.688965 0.431818 0.694336 0.431818 0.699219 0.432528 0.699219 0.440341 0.699219 0.448153 0.695313 0.453125 0.690918 0.454545 0.685547 0.454545 0.683594 0.448864 0.683594 0.441051
0 0.710938 0.438920 0.717285 0.437500 0.722656 0.438920 0.722656 0.448153 0.726074 0.454545 0.726563 0.463778 0.726563 0.473011 0.723145 0.477273 0.716797 0.477273 0.714844 0.470170 0.714844 0.460938 0.711426 0.454545 0.710938 0.445313
0 0.609375 0.467330 0.613281 0.461648 0.619141 0.460227 0.625000 0.460227 0.628906 0.463068 0.628906 0.471591 0.626953 0.477273 0.623047 0.482955 0.617188 0.482955 0.611328 0.482955 0.609375 0.476563 0.609375 0.468040
0 0.550781 0.467330 0.555664 0.465909 0.560547 0.465909 0.562500 0.470881 0.562500 0.477983 0.561035 0.482955 0.556152 0.482955 0.551270 0.482955 0.550781 0.475852 0.550781 0.468750
0 0.578125 0.484375 0.583496 0.482955 0.588867 0.482955 0.591797 0.488636 0.593750 0.494318 0.593750 0.502131 0.590820 0.505682 0.585449 0.505682 0.580078 0.505682 0.578125 0.500000 0.578125 0.492188
0 0.636719 0.484375 0.641602 0.482955 0.646484 0.482955 0.648438 0.487926 0.648438 0.495028 0.646973 0.500000 0.642090 0.500000 0.637207 0.500000 0.636719 0.492898 0.636719 0.485795
0 0.531250 0.490057 0.536133 0.488636 0.541016 0.488636 0.542969 0.493608 0.542969 0.500710 0.541504 0.505682 0.536621 0.505682 0.531738 0.505682 0.531250 0.498580 0.531250 0.491477
0 0.679688 0.495739 0.684570 0.494318 0.689453 0.494318 0.691406 0.499290 0.691406 0.506392 0.691406 0.513494 0.688965 0.517045 0.684082 0.517045 0.679688 0.515625 0.679688 0.508523 0.679688 0.501420
0 0.707031 0.501420 0.712402 0.494318 0.719727 0.494318 0.726563 0.495028 0.726563 0.505682 0.726563 0.516335 0.726563 0.526989 0.724121 0.534091 0.718750 0.540483 0.714844 0.545455 0.707520 0.545455 0.707031 0.534801 0.710938 0.526989 0.707031 0.519176 0.707031 0.508523
0 0.550781 0.563920 0.560547 0.562500 0.564453 0.551136 0.574219 0.549716 0.578125 0.538352 0.585938 0.534091 0.589844 0.542614 0.589844 0.556818 0.583984 0.562500 0.576172 0.556818 0.578125 0.568182 0.582031 0.577415 0.582031 0.591619 0.575684 0.596591 0.570313 0.589489 0.570313 0.575284 0.562988 0.568892 0.562500 0.583097 0.554199 0.585227 0.550781 0.575284
0 0.628906 0.546875 0.638184 0.545455 0.645508 0.551136 0.648438 0.540483 0.654297 0.534091 0.663574 0.534091 0.667969 0.544034 0.667969 0.557528 0.666016 0.568182 0.664063 0.581676 0.667969 0.592330 0.665527 0.602273 0.656250 0.601563 0.652832 0.590909 0.652344 0.577415 0.644043 0.573864 0.636719 0.568182 0.628906 0.565341 0.628906 0.551847
0 0.511719 0.586648 0.518066 0.585227 0.524414 0.585227 0.527344 0.590199 0.527344 0.599432 0.526855 0.607955 0.523438 0.615057 0.523438 0.624290 0.517578 0.625000 0.511230 0.625000 0.507813 0.620028 0.507813 0.610795 0.507813 0.601563 0.511719 0.595170
0 0.542969 0.592330 0.552246 0.590909 0.558594 0.595170 0.558594 0.608665 0.562500 0.619318 0.565430 0.630682 0.574707 0.630682 0.583984 0.630682 0.585938 0.642045 0.580566 0.647727 0.571289 0.647727 0.562500 0.646307 0.558594 0.639205 0.551270 0.642045 0.541992 0.642045 0.534668 0.636364 0.531250 0.627131 0.532227 0.613636 0.541504 0.613636 0.542969 0.600142
0 0.640625 0.603693 0.645508 0.602273 0.650391 0.602273 0.652344 0.607244 0.652344 0.614347 0.650879 0.619318 0.645996 0.619318 0.641113 0.619318 0.640625 0.612216 0.640625 0.605114
0 0.625000 0.620739 0.636230 0.619318 0.637695 0.636364 0.648926 0.636364 0.654297 0.647727 0.660156 0.637784 0.656250 0.624290 0.657227 0.607955 0.667969 0.608665 0.669434 0.625000 0.671875 0.638494 0.666992 0.647727 0.660156 0.656250 0.660156 0.672585 0.652344 0.681108 0.652344 0.697443 0.642090 0.698864 0.636719 0.687500 0.625488 0.687500 0.625000 0.671165 0.628906 0.659091 0.632813 0.647017 0.625000 0.639205 0.625000 0.622869
0 0.597656 0.615057 0.602539 0.613636 0.607422 0.613636 0.609375 0.618608 0.609375 0.625710 0.609375 0.632813 0.606934 0.636364 0.602051 0.636364 0.597656 0.634943 0.597656 0.627841 0.597656 0.620739
0 0.675781 0.649148 0.681641 0.647727 0.685547 0.642045 0.691406 0.642045 0.695313 0.644886 0.695313 0.653409 0.693359 0.659091 0.687500 0.661932 0.683594 0.664773 0.677734 0.664773 0.675781 0.658381 0.675781 0.649858
0 0.605469 0.649148 0.610352 0.647727 0.615234 0.647727 0.617188 0.652699 0.617188 0.659801 0.617188 0.666903 0.614746 0.670455 0.609863 0.670455 0.605469 0.669034 0.605469 0.661932 0.605469 0.654830
0 0.679688 0.671875 0.684570 0.670455 0.689453 0.670455 0.691406 0.675426 0.691406 0.682528 0.691406 0.689631 0.688965 0.693182 0.684082 0.693182 0.679688 0.691761 0.679688 0.684659 0.679688 0.677557