0 0.652344 0.262784 0.657715 0.261364 0.663086 0.261364 0.667969 0.262784 0.667969 0.270597 0.667969 0.278409 0.666504 0.284091 0.661133 0.284091 0.655762 0.284091 0.652344 0.280540 0.652344 0.272727 0.652344 0.264915
0 0.671875 0.274148 0.677246 0.272727 0.682617 0.272727 0.685547 0.278409 0.687500 0.284091 0.687500 0.291903 0.684570 0.295455 0.679199 0.295455 0.673828 0.295455 0.671875 0.289773 0.671875 0.281960
0 0.679688 0.313920 0.685059 0.312500 0.690430 0.312500 0.695313 0.313920 0.695313 0.321733 0.695313 0.329545 0.693848 0.335227 0.688477 0.335227 0.683105 0.335227 0.679688 0.331676 0.679688 0.323864 0.679688 0.316051
0 0.664063 0.421875 0.670898 0.420455 0.677734 0.420455 0.679688 0.427557 0.685059 0.431818 0.691406 0.433239 0.691406 0.443182 0.691406 0.453125 0.685547 0.454545 0.678711 0.454545 0.675781 0.448153 0.670898 0.443182 0.664063 0.442472 0.664063 0.432528 0.664063 0.422585
0 0.695313 0.450284 0.700684 0.448864 0.706055 0.448864 0.710938 0.450284 0.710938 0.458097 0.710938 0.465909 0.709473 0.471591 0.704102 0.471591 0.698730 0.471591 0.695313 0.468040 0.695313 0.460227 0.695313 0.452415
0 0.707031 0.495739 0.712891 0.494318 0.718750 0.494318 0.722656 0.497159 0.722656 0.505682 0.722656 0.514205 0.722656 0.522727 0.720703 0.528409 0.714844 0.528409 0.710938 0.524858 0.708984 0.517045 0.707031 0.510653 0.707031 0.502131
0 0.687500 0.501420 0.692871 0.500000 0.698242 0.500000 0.703125 0.501420 0.703125 0.509233 0.703125 0.517045 0.701660 0.522727 0.696289 0.522727 0.690918 0.522727 0.687500 0.519176 0.687500 0.511364 0.687500 0.503551
0 0.554688 0.529830 0.560059 0.528409 0.565430 0.528409 0.568359 0.534091 0.570313 0.539773 0.570313 0.547585 0.567383 0.551136 0.562012 0.551136 0.556641 0.551136 0.554688 0.545455 0.554688 0.537642
0 0.648438 0.575284 0.653320 0.573864 0.658203 0.573864 0.660156 0.578835 0.660156 0.585938 0.660156 0.593040 0.657715 0.596591 0.652832 0.596591 0.648438 0.595170 0.648438 0.588068 0.648438 0.580966
0 0.625000 0.603693 0.631348 0.602273 0.632813 0.593750 0.638184 0.590909 0.644043 0.590909 0.644531 0.600142 0.644531 0.609375 0.641113 0.613636 0.636719 0.619318 0.634277 0.625000 0.627930 0.625000 0.625000 0.619318 0.625000 0.610085
0 0.582031 0.643466 0.588379 0.642045 0.594727 0.642045 0.597656 0.647017 0.597656 0.656250 0.593750 0.662642 0.593750 0.671875 0.593750 0.681108 0.587891 0.681818 0.582031 0.680398 0.582031 0.671165 0.582031 0.661932 0.582031 0.652699