0 0.566406 0.285511 0.571289 0.284091 0.576172 0.284091 0.578125 0.289063 0.578125 0.296165 0.576660 0.301136 0.571777 0.301136 0.566895 0.301136 0.566406 0.294034 0.566406 0.286932
0 0.640625 0.319602 0.645996 0.318182 0.651367 0.318182 0.656250 0.319602 0.656250 0.327415 0.656250 0.335227 0.654785 0.340909 0.649414 0.340909 0.644043 0.340909 0.640625 0.337358 0.640625 0.329545 0.640625 0.321733
0 0.601563 0.325284 0.606445 0.323864 0.611328 0.323864 0.613281 0.328835 0.613281 0.335938 0.611816 0.340909 0.606934 0.340909 0.602051 0.340909 0.601563 0.333807 0.601563 0.326705
0 0.664063 0.325284 0.669434 0.323864 0.674805 0.323864 0.679688 0.325284 0.679688 0.333097 0.679688 0.340909 0.678223 0.346591 0.672852 0.346591 0.667480 0.346591 0.664063 0.343040 0.664063 0.335227 0.664063 0.327415
0 0.625000 0.348011 0.629883 0.346591 0.634766 0.346591 0.639648 0.346591 0.640625 0.352983 0.640625 0.360085 0.638184 0.363636 0.633301 0.363636 0.628418 0.363636 0.625000 0.360795 0.625000 0.353693
0 0.636719 0.370739 0.641602 0.369318 0.646484 0.369318 0.651367 0.369318 0.652344 0.375710 0.652344 0.382813 0.649902 0.386364 0.645020 0.386364 0.640137 0.386364 0.636719 0.383523 0.636719 0.376420
0 0.667969 0.370739 0.672852 0.369318 0.677734 0.369318 0.682617 0.369318 0.683594 0.375710 0.683594 0.382813 0.681152 0.386364 0.676270 0.386364 0.671387 0.386364 0.667969 0.383523 0.667969 0.376420
0 0.679688 0.416193 0.683594 0.411222 0.688477 0.409091 0.693848 0.409091 0.695313 0.414773 0.695313 0.422585 0.695313 0.430398 0.690918 0.431818 0.685547 0.431818 0.680176 0.431818 0.679688 0.424006
0 0.703125 0.416193 0.708008 0.414773 0.712891 0.414773 0.714844 0.419744 0.714844 0.426847 0.713379 0.431818 0.708496 0.431818 0.703613 0.431818 0.703125 0.424716 0.703125 0.417614
0 0.714844 0.438920 0.719727 0.437500 0.724609 0.437500 0.726563 0.442472 0.726563 0.449574 0.725098 0.454545 0.720215 0.454545 0.715332 0.454545 0.714844 0.447443 0.714844 0.440341
0 0.683594 0.444602 0.688477 0.443182 0.693359 0.443182 0.695313 0.448153 0.695313 0.455256 0.693848 0.460227 0.688965 0.460227 0.684082 0.460227 0.683594 0.453125 0.683594 0.446023
0 0.710938 0.467330 0.714844 0.462358 0.719727 0.460227 0.725098 0.460227 0.726563 0.465909 0.726563 0.473722 0.722656 0.479403 0.719727 0.482955 0.714355 0.482955 0.710938 0.479403 0.710938 0.471591
0 0.664063 0.484375 0.669434 0.482955 0.674805 0.482955 0.679688 0.483665 0.679688 0.491477 0.679688 0.499290 0.675781 0.504261 0.671387 0.505682 0.666016 0.505682 0.664063 0.500000 0.664063 0.492188
0 0.531250 0.490057 0.536133 0.488636 0.541016 0.488636 0.542969 0.493608 0.542969 0.500710 0.541504 0.505682 0.536621 0.505682 0.531738 0.505682 0.531250 0.498580 0.531250 0.491477
0 0.707031 0.501420 0.716797 0.500000 0.722656 0.505682 0.726074 0.517045 0.730469 0.525568 0.726563 0.534091 0.718750 0.540483 0.712402 0.545455 0.710938 0.552557 0.710938 0.566761 0.707031 0.578835 0.701660 0.585227 0.695313 0.579545 0.695313 0.565341 0.695313 0.551136 0.702148 0.545455 0.703125 0.531250 0.711914 0.528409 0.709473 0.522727 0.707031 0.511364
0 0.515625 0.507102 0.520508 0.505682 0.525391 0.505682 0.527344 0.510653 0.527344 0.517756 0.525879 0.522727 0.520996 0.522727 0.516113 0.522727 0.515625 0.515625 0.515625 0.508523
0 0.511719 0.586648 0.522949 0.573864 0.534180 0.585227 0.539063 0.566051 0.550781 0.568892 0.554688 0.590909 0.542969 0.605114 0.557129 0.602273 0.562500 0.622869 0.575684 0.625000 0.588867 0.613636 0.604004 0.607955 0.617188 0.596591 0.632813 0.590199 0.617676 0.585227 0.619629 0.562500 0.628906 0.549716 0.644043 0.545455 0.652344 0.558239 0.644531 0.574574 0.642578 0.596591 0.644531 0.607244 0.636719 0.623580 0.628418 0.636364 0.617188 0.625000 0.602051 0.630682 0.585938 0.637784 0.575684 0.647727 0.558594 0.647017 0.542969 0.644886 0.535645 0.659091 0.527344 0.645597 0.532715 0.630682 0.519531 0.624290 0.526367 0.607955 0.518555 0.602273
0 0.660156 0.552557 0.665039 0.551136 0.669922 0.551136 0.671875 0.556108 0.671875 0.563210 0.671875 0.570313 0.669434 0.573864 0.664551 0.573864 0.660156 0.572443 0.660156 0.565341 0.660156 0.558239
0 0.566406 0.569602 0.571777 0.568182 0.577148 0.568182 0.582031 0.568892 0.582031 0.576705 0.582031 0.584517 0.581055 0.590909 0.575684 0.590909 0.570313 0.590199 0.566895 0.585227 0.566406 0.577415
0 0.679688 0.603693 0.684570 0.602273 0.689453 0.602273 0.691406 0.607244 0.691406 0.614347 0.689941 0.619318 0.685059 0.619318 0.680176 0.619318 0.679688 0.612216 0.679688 0.605114
0 0.640625 0.632102 0.648438 0.628551 0.650879 0.619318 0.658691 0.619318 0.664063 0.622869 0.664063 0.634233 0.671875 0.636364 0.679688 0.637074 0.679688 0.648438 0.675293 0.653409 0.667480 0.653409 0.661621 0.647727 0.652832 0.648438 0.647949 0.653409 0.640625 0.651989 0.640625 0.640625
0 0.601563 0.643466 0.607422 0.642045 0.612793 0.642045 0.613281 0.650568 0.617188 0.656250 0.617188 0.664773 0.617188 0.673295 0.613281 0.676136 0.607422 0.676136 0.601563 0.675426 0.601563 0.666903 0.601563 0.658381 0.601563 0.649858
0 0.621094 0.666193 0.628418 0.659091 0.636719 0.661222 0.645020 0.664773 0.652344 0.659091 0.660156 0.661222 0.664551 0.670455 0.673828 0.670455 0.675781 0.681818 0.671875 0.693182 0.666504 0.698864 0.662598 0.710227 0.653320 0.710227 0.647949 0.698864 0.638672 0.698864 0.632813 0.693182 0.625977 0.687500 0.621094 0.680398 0.621094 0.666903
0 0.566406 0.688920 0.571777 0.687500 0.577148 0.687500 0.582031 0.688920 0.582031 0.696733 0.582031 0.704545 0.580566 0.710227 0.575195 0.710227 0.569824 0.710227 0.566406 0.706676 0.566406 0.698864 0.566406 0.691051