0 0.609375 0.319602 0.619141 0.318182 0.625000 0.323864 0.628418 0.335227 0.636230 0.340909 0.636719 0.355114 0.644043 0.363636 0.644531 0.377841 0.640625 0.386364 0.630859 0.386364 0.628906 0.374290 0.628906 0.360085 0.621094 0.363636 0.619141 0.375000 0.609375 0.374290 0.609375 0.360085 0.618652 0.357955 0.621094 0.345170 0.612793 0.340909 0.609375 0.330966
0 0.558594 0.348011 0.563477 0.346591 0.568359 0.346591 0.570313 0.351563 0.570313 0.358665 0.570313 0.365767 0.567871 0.369318 0.562988 0.369318 0.558594 0.367898 0.558594 0.360795 0.558594 0.353693
0 0.664063 0.427557 0.667969 0.419034 0.673828 0.414773 0.681641 0.414773 0.683594 0.423295 0.683594 0.434659 0.683594 0.446023 0.683594 0.457386 0.683594 0.468750 0.677734 0.471591 0.669922 0.471591 0.667969 0.462358 0.667969 0.450994 0.669922 0.443182 0.664063 0.439631 0.664063 0.428267
0 0.687500 0.433239 0.696289 0.431818 0.703125 0.438210 0.706055 0.448864 0.707031 0.436080 0.707031 0.423295 0.714844 0.420455 0.718750 0.427557 0.718750 0.440341 0.726563 0.444602 0.726563 0.457386 0.723633 0.465909 0.714844 0.465199 0.710938 0.456676 0.708496 0.465909 0.699707 0.465909 0.695313 0.458807 0.687988 0.454545 0.687500 0.441761
0 0.683594 0.478693 0.689453 0.477273 0.695313 0.477273 0.701172 0.477273 0.703125 0.482955 0.703125 0.491477 0.699219 0.497869 0.694824 0.500000 0.688965 0.500000 0.683594 0.498580 0.683594 0.490057 0.683594 0.481534
0 0.707031 0.495739 0.711914 0.494318 0.716797 0.494318 0.721680 0.494318 0.722656 0.500710 0.722656 0.507813 0.720215 0.511364 0.715332 0.511364 0.710449 0.511364 0.707031 0.508523 0.707031 0.501420
0 0.625000 0.552557 0.630371 0.551136 0.635742 0.551136 0.640625 0.551847 0.640625 0.559659 0.640625 0.567472 0.636719 0.572443 0.632324 0.573864 0.626953 0.573864 0.625000 0.568182 0.625000 0.560369
0 0.664063 0.552557 0.668945 0.551136 0.673828 0.551136 0.675781 0.556108 0.675781 0.563210 0.674316 0.568182 0.669434 0.568182 0.664551 0.568182 0.664063 0.561080 0.664063 0.553977
0 0.699219 0.558239 0.704102 0.556818 0.708984 0.556818 0.713867 0.556818 0.714844 0.563210 0.714844 0.570313 0.712402 0.573864 0.707520 0.573864 0.702637 0.573864 0.699219 0.571023 0.699219 0.563920
0 0.683594 0.580966 0.691895 0.579545 0.699219 0.581676 0.699219 0.593750 0.703125 0.589489 0.705566 0.579545 0.713867 0.579545 0.714844 0.590199 0.710938 0.596591 0.707031 0.605824 0.707031 0.617898 0.707031 0.629972 0.699219 0.630682 0.695313 0.623580 0.692383 0.613636 0.684082 0.613636 0.683594 0.601563 0.683594 0.589489
0 0.542969 0.598011 0.547852 0.596591 0.552734 0.596591 0.557617 0.596591 0.558594 0.602983 0.558594 0.610085 0.556152 0.613636 0.551270 0.613636 0.546387 0.613636 0.542969 0.610795 0.542969 0.603693
0 0.558594 0.626420 0.568848 0.625000 0.574219 0.616477 0.579590 0.607955 0.585938 0.613636 0.589844 0.625000 0.600098 0.625000 0.601563 0.638494 0.606934 0.647727 0.617188 0.647727 0.621094 0.657670 0.615723 0.664773 0.605469 0.664773 0.594238 0.665483 0.586914 0.670455 0.578613 0.664773 0.578125 0.649858 0.585449 0.642045 0.578125 0.637074 0.574219 0.639205 0.565918 0.642045 0.558594 0.637074
0 0.628906 0.615057 0.633789 0.613636 0.638672 0.613636 0.640625 0.618608 0.640625 0.625710 0.640625 0.632813 0.638184 0.636364 0.633301 0.636364 0.628906 0.634943 0.628906 0.627841 0.628906 0.620739
0 0.613281 0.671875 0.621582 0.670455 0.627930 0.664773 0.634277 0.659091 0.640625 0.661932 0.644531 0.670455 0.652832 0.670455 0.660156 0.672585 0.660156 0.684659 0.653809 0.687500 0.645508 0.687500 0.637207 0.687500 0.632813 0.687500 0.632324 0.698864 0.624023 0.698864 0.617188 0.696023 0.613281 0.686790 0.613281 0.674716